1.426164233177211124e-02 -4.842245071875652361e-03 -5.025598151810958814e-03 7.583832696175982734e-04 5.009754693451807286e-05 -1.068190018529265213e-02 -4.502567426893241097e-03 -4.905822223243114536e-04 3.250078606332627764e-03 -9.698724008375570350e-04 7.442973557285907822e-04 9.019773334077945889e-03 1.010593724730838097e-02 -1.696277827158962142e-03 5.618177424858559164e-03 -4.885716079190296048e-04 4.271131630437853891e-03 3.723135027918524618e-04 -2.232689503543110795e-03 -1.307133053450857188e-02 6.445035841566674204e-05
6.717310204991158371e-03 -1.736565478813085345e-03 -3.244320327127105108e-03 -2.382861903560794660e-04 -2.353488322854348631e-05 8.317173376656085415e-03 1.557738586764160398e-03 4.707135315500424709e-04 -7.891023814732556207e-03 3.838441569105520250e-03 -7.857898590754169854e-03 -7.558679861283288618e-04 -1.526256939552106070e-04 8.063577682622163813e-04 -2.984234042103018226e-03 1.366248226269080844e-02 -1.938273208330765565e-02 7.601888295729550011e-04 6.044835859797798201e-03 -2.633597793878849486e-02 -5.484603593230799341e-04
5.467805684117741684e-03 1.560214876983654665e-02 1.145245058714540638e-03 -5.928554999293035414e-03 5.650988953521523042e-03 -2.369615243925322966e-04 1.285386340320807249e-04 2.177171290938316808e-02 6.110843849486576052e-03 -8.830880083904186703e-03 -8.616290476152255184e-03 -2.966821854562999919e-04 3.942939372895062329e-06 -5.425982903802654446e-03 -2.486178260847440782e-03 -6.720255516564230509e-06 5.165710748301669056e-06 1.093745721402886001e-05 -1.253212624030702351e-04 -7.658941088578493121e-05 1.040286625645293200e-02
1.217777545784565381e-02 -6.917931208163513764e-03 3.565453061406641255e-02 -2.379776052303132154e-04 -1.315936992009229345e-05 2.120564313965702958e-03 8.679159392863224683e-04 4.792177448396777990e-05 -2.523600074270263634e-04 4.999677845110351876e-05 -2.015434086761981594e-05 -7.183959712463657043e-04 -1.535400836945348066e-04 7.036506524423663013e-05 -2.332051342664720462e-04 1.053227971183805073e-05 -1.287383475043866077e-04 -1.393276337665579415e-02 -2.032193777588395429e-04 -4.431229730788963810e-04 -1.735394516959795765e-05
1.499894787151371915e-02 -4.675313612545766231e-03 -6.062210309327472658e-03 4.164203273762565570e-04 2.405564131580978273e-05 -3.568651981846401866e-03 -5.540578371863732511e-03 3.538999376989431997e-04 -1.883256297907590993e-03 1.535279927698506844e-03 -6.117102577770042876e-04 -1.974702132858046667e-03 9.754747175414167377e-04 6.893430254286665379e-03 -2.285744440436278738e-02 -7.309059835974254142e-04 -3.824178866823663755e-03 -2.583029418216343208e-03 7.892412437757963251e-03 4.193351548029967263e-02 -2.600949132365642179e-04
5.111386966328233458e-03 -1.256695789261232489e-03 -2.583842021232543324e-03 -2.657264453238397986e-04 -2.495168503019389475e-05 8.800510850039140742e-03 2.430215401575708777e-03 -3.419650861001483425e-04 -2.922642680250578558e-03 3.271869749245305287e-03 -6.142014071403637671e-03 -1.125899073481498314e-03 -7.324626485284022265e-04 -1.695545537063932948e-03 5.410385999466365767e-03 -8.991549151630710748e-04 9.340940890500123994e-03 -1.216452485049642786e-04 -1.030292249866767828e-03 2.277169202213890492e-03 2.707860819033965395e-05
3.135505992237509060e-02 -1.053983919815092152e-02 -1.161039407202980704e-02 1.586379071728486606e-03 1.034295399501138649e-04 -2.128222115863012687e-02 -1.407372105786523428e-02 -1.027619062208636044e-03 6.678821927699116028e-03 -1.949105120627496511e-03 1.730161013475564006e-03 1.283588212532748608e-02 1.896107065030165975e-02 -2.396422324680821773e-03 7.890457621349055567e-03 -8.035570539025296746e-04 6.035510189858897707e-03 -2.798577507555941295e-03 -1.900432744937548789e-03 -8.627438566585791599e-03 -9.817486645041456172e-05
2.996527160418456428e-03 9.737619502476563271e-03 9.592499695442607572e-04 1.617740771314732720e-02 5.030970664405655553e-03 2.853329043329930507e-04 -2.051163720325919950e-05 -1.182027869685387715e-03 -1.252737539951608134e-04 -4.610913952818342359e-04 -5.524093861010094704e-04 -3.342456889071770005e-05 1.046535452829856303e-06 2.030566587015073324e-02 6.124417827156284494e-03 -1.012236337920924603e-05 -1.196379413267910445e-06 -1.663707608950969308e-06 1.763354932190303062e-05 9.800525780894872035e-06 -1.334031007006857613e-03
6.585182442338708385e-03 -1.699075946056968637e-03 -3.606432825619460946e-03 -4.094419770960468392e-04 -3.828512638589131911e-05 1.798595284706003272e-02 7.273722957327193039e-03 -6.056627674010614873e-03 2.562781219905193100e-02 -7.341007077136406725e-03 1.089048689456780135e-02 1.174675355918975957e-03 3.976174156388654051e-04 3.040026916310259366e-04 -8.847493994169967598e-04 3.480132869972413917e-04 -2.843972583706267136e-05 4.453261456987730350e-06 1.363100644500711220e-04 -9.958102804531869003e-04 -5.052457087569744884e-05
1.020564625972019204e-02 -2.684403830164144595e-03 -4.669264577891766785e-03 -2.303540939038463929e-04 -2.338076800578118346e-05 8.424801687374293760e-03 7.326635087752213227e-04 6.632222221475167316e-04 -6.885255680713277260e-03 4.059329428346460274e-03 -5.436619583218378279e-03 -6.467523083046859298e-04 4.267291531342175324e-04 3.542454800526815845e-03 -1.170340017519231474e-02 9.280489397300953911e-04 -1.621488589027511584e-02 4.904644566684398919e-05 9.841190743683674632e-04 6.367008499155988634e-03 2.240191554943093478e-04
2.110781788552959851e-03 -8.748933794827947570e-04 1.539485108326251123e-03 5.992584660743721040e-05 4.070054036954459518e-06 -8.850553353785104880e-04 -5.469397171316261932e-04 -4.825921999709210377e-05 3.120081646810484322e-04 -8.808160197752948231e-05 5.048810923497008368e-05 1.222682569207210988e-03 3.475092734332430305e-04 -1.660454254519818859e-04 5.509166450600639937e-04 -3.290167864713362936e-05 3.279570058074676026e-04 6.389230712457652853e-03 -9.437735881172281403e-05 -1.074153860960939911e-03 1.359128852145518294e-04
8.673127333667377675e-03 2.443583688115198022e-02 1.741900389266372393e-03 -1.116396971559748680e-02 7.509507431338497373e-03 -3.952118135378421488e-04 1.891055153842788328e-04 2.978236284562969793e-02 7.993035772607081507e-03 -1.032693352723732146e-02 -9.888498003162203911e-03 -3.160762808452748660e-04 3.611666753361957581e-06 -1.009604653142065489e-02 -3.708439951402057837e-03 -8.058159320731962055e-07 3.220618937758404189e-06 3.867195589552639016e-06 -3.432083656791895228e-05 -1.179794846875656327e-05 -8.791946024485812819e-04
7.865679895207970673e-03 -2.674994780328424256e-03 -2.797118113655068343e-03 4.244536872312401057e-04 2.803828498575410981e-05 -5.935049859320280265e-03 -3.690487964755530346e-03 -3.128088975719345603e-04 2.215541307167255732e-03 -8.315326962163470045e-04 7.709131274577778626e-04 1.135090839581714799e-02 -3.984308154441447425e-02 -3.430989911253900528e-04 1.170585412559642510e-03 -4.750948103770606917e-05 9.874318017272464259e-04 -4.082649391591750227e-05 -5.613587795806572727e-04 -3.244829984556574145e-03 1.630627295920728326e-06
4.224825991001786470e-03 3.943483983096122969e-03 -9.770717760498976671e-04 -2.445273011364893813e-03 -1.276406999856342255e-04 3.892492063037564318e-03 8.477905977215941837e-04 1.454731060146384827e-02 -4.846912019984494190e-03 2.612898208643483003e-02 2.775571652732925290e-02 1.201679786893520814e-03 -1.908427855585855069e-05 5.423425711767963092e-04 4.857457250593741858e-03 3.825299163571433737e-05 3.031121004196309584e-05 -4.654478365768149878e-05 4.452200755508920089e-04 2.129116896059693150e-04 2.472038966172635140e-03
6.245891397501923681e-03 -1.348710849643061779e-03 -2.708021560143656411e-03 -2.295934600894305522e-04 -1.423749476706222286e-05 2.507483924142131764e-03 -9.876379638883833658e-04 2.370435490270566062e-03 -5.972638259688804047e-03 3.899034728090712727e-03 4.150870499147159449e-03 -1.721741669646558413e-03 6.585691249137692318e-04 1.877697521794052457e-02 -6.135305505335004322e-02 -8.165526184215439118e-03 3.661720239849702158e-02 1.202046283900070570e-03 3.986461474114817022e-03 -1.869038664736262165e-02 -3.163640975684704152e-04
8.725325955950267651e-03 2.666425551982185352e-02 2.275154589258855838e-03 -4.731516428343432619e-03 -5.301922126359928655e-02 -2.047258956332976502e-03 -3.513858012339771261e-04 -1.480191740979533606e-02 -2.189388765312488307e-03 1.716939716695637091e-04 -1.072443382545590790e-04 -3.334241491170718513e-05 1.211555445173515359e-06 2.670577861110141893e-03 5.120495961490367006e-04 -6.136410721744775374e-06 4.004422439257429320e-06 8.742189235962951038e-06 -1.216352805975931176e-04 -1.040624047205982019e-04 2.960469099546867225e-02
1.095600145503227048e-02 -3.512744360509981179e-03 -4.073270253199601405e-03 3.514436599708144920e-04 2.046907555759725774e-05 -3.127924320014107036e-03 -3.526019122691261259e-03 -8.537490218679846647e-05 -5.282319053452345361e-04 8.285386408971936881e-04 -1.651295178510574484e-03 5.135627837766027805e-03 2.837229341870379801e-03 9.912191844610711983e-04 -3.357866704645507891e-03 1.045005622102013892e-03 -7.882089387160978733e-03 2.086666387881441092e-04 2.653934966345349814e-03 1.348954090919739050e-02 1.236472244959092252e-04
1.020238384582720405e-02 -3.418987507451035687e-03 -4.077491658976740291e-03 5.381879140285774103e-04 3.530777395881902996e-05 -7.312951643855541625e-03 -6.513069750728621432e-03 -3.703762427164939905e-04 3.117534950538599584e-03 -1.811781265640571544e-03 3.573814060231413851e-03 -3.240353049319139034e-02 -4.907998711572811312e-03 -6.250372920193268504e-04 2.028714080441942208e-03 1.420787993810754843e-04 2.440715195727422943e-05 1.086010151509220472e-04 -8.929400713474322472e-05 -5.168573021047520473e-06 -2.173150698422153060e-05
1.252032891656427484e-02 -3.177558906036539663e-03 -6.428467996354623147e-03 -6.320695457618614533e-04 -5.989532443494302393e-05 2.407868569713937298e-02 7.709476264491109399e-03 -3.896334683328506621e-03 9.219515309415412738e-03 2.945457815225995500e-03 -5.850829865113199059e-03 -1.262182461439987930e-03 -8.842857088801429075e-04 -2.258447545266750386e-03 7.072370089537731962e-03 -4.464389426678828932e-02 -1.144349330117798349e-03 3.641670668964567696e-05 6.281623530268815253e-04 -3.022121443419255749e-03 -1.044973432102616693e-04
3.834967530827649955e-03 -2.122386485202045186e-03 1.041330225617240375e-02 -5.630590803984998057e-05 -2.963349042602904382e-06 4.310063844363402376e-04 1.314163478164558161e-04 2.915440086328033421e-06 4.141546335838202223e-07 -8.331871210808983563e-06 6.358560115573924792e-06 1.633591670670303411e-04 5.028126562277074243e-05 -5.006371170021120710e-05 1.690632130945558668e-04 -1.226815778520202857e-05 1.627901694617162032e-04 1.752828250139223595e-02 1.945143841314717905e-04 -2.776005819521988583e-04 5.256853529489710674e-04
3.504648124192303107e-03 -7.341061684763037576e-04 -1.605810752703534967e-03 -1.840373701996735013e-04 -1.355374722388691065e-05 3.377499694996149993e-03 3.933223221826699059e-04 1.115724328027359845e-03 -5.700972719429915278e-03 -2.246358132589198250e-03 2.678626602818924042e-03 -4.929491064276808767e-05 1.017306965507465557e-04 1.779531662399252631e-03 -5.626579811390877706e-03 -1.060228847088291954e-04 -1.373966998346724420e-03 1.903577815840780505e-04 -8.647177894873637680e-03 4.508320518965460029e-04 7.084570585300456209e-05
5.503692236939515883e-03 1.676330791315292987e-02 1.394280681772094204e-03 -2.028811841124895585e-02 1.823585360516704126e-02 -2.380296732968932138e-03 -4.365800208803101196e-04 -2.460066911709702514e-02 -4.838007917030992013e-03 4.047209180772317651e-03 3.695037813465406554e-03 1.018290973553535867e-04 -9.880526001253798467e-07 2.132604390435758560e-03 7.896489153453135424e-04 2.865085985521929932e-07 -6.632653209500478765e-07 -8.513597572042844815e-07 8.068004358035541941e-06 3.377071246533285079e-06 -6.613603487377387197e-06
2.996445600062777950e-02 -1.015182397796003493e-02 -1.070269934060854959e-02 1.576759446171487186e-03 1.038015254883899077e-04 -2.191719124931003002e-02 -1.087022926506210629e-02 -1.038565380436321092e-03 6.817261048375165659e-03 -2.003129975712583406e-03 1.524094699982045994e-03 1.863315459839861785e-02 2.117188899334108282e-02 -3.405451128523414878e-03 1.126994322630799766e-02 -9.681191264656946113e-04 8.390030528074760713e-03 -4.455141065502380782e-05 -4.199525755813373652e-03 -2.426985612584365432e-02 9.795285214432011356e-05
2.645246744517713161e-02 -8.814577863792121687e-03 -9.962427946073030074e-03 1.264523101748040584e-03 8.156466783032891368e-05 -1.636951835993551152e-02 -1.208765415994549758e-02 -7.335344884883790743e-04 4.627060366689612382e-03 -1.157590921608841984e-03 1.094122658158177804e-03 6.989516798921577637e-03 1.233164105860409809e-02 -4.131450312017058944e-04 1.289135491214502514e-03 -4.117821453292114155e-04 1.678615720249237910e-03 -3.398334581877002561e-03 1.508771706770843787e-03 1.131868464498753460e-02 -2.143787659880437861e-04
1.265735030006743915e-02 -7.202213924918349219e-03 3.722877369623091293e-02 -2.510925217536676287e-04 -1.391270970945282230e-05 2.250385093382375763e-03 9.302829999122606787e-04 5.204588634216566508e-05 -2.762461692828405233e-04 5.565664643553737298e-05 -2.231659262058896556e-05 -8.126475073099004688e-04 -1.767887413080921027e-04 8.208909231540101673e-05 -2.722059500608162326e-04 1.210624261431220281e-05 -1.482195051561626396e-04 -1.459449788256957613e-02 -1.879393325751177587e-04 -1.980313751506609043e-04 -1.401427741730469862e-04
3.358655102498580257e-03 -1.856483176493683518e-03 9.087863613902610882e-03 -4.868451186490040382e-05 -2.556887128819328120e-06 3.703170069856321777e-04 1.110993025508876647e-04 2.322445576085274341e-06 1.422062403760579045e-06 -7.294909838009421264e-06 5.348455059641044957e-06 1.438053116874890743e-04 4.428028110806917790e-05 -4.230209840370941177e-05 1.428180027476410501e-04 -1.013984470496665290e-05 1.377332126837572338e-04 1.967575932762381102e-02 3.132560797748205222e-04 7.830838403516580080e-04 2.070322874045033937e-05
8.452098792409972611e-03 -3.031445733406736183e-03 -3.530298915961650134e-03 9.059964230932654504e-04 6.971265028481136322e-05 -2.154501059933653165e-02 5.243739775567073103e-02 5.189570099738636524e-04 -2.188880076671171834e-03 3.575554011569129329e-04 -2.715941009311565553e-04 -2.442387857934531867e-03 -1.280326144846633039e-04 1.805877437283814359e-04 -5.888282472296012737e-04 3.848466693370253207e-05 -2.802769057987103819e-04 -6.232996469706872795e-06 6.881358618203099514e-05 2.957028880937513800e-04 -2.631675165729962778e-07
1.053107204551302981e-02 -2.619863067626349452e-03 -5.332709280163865778e-03 -5.355672530271412624e-04 -5.128758151719445653e-05 1.789732324302389932e-02 4.726704858406417104e-03 -1.508874980585772033e-04 -1.035060920725245324e-02 9.668986459141560783e-03 -1.801158329082208284e-02 -3.141737411035383162e-03 -2.055463738204812377e-03 -5.128548532183056438e-03 1.635240498639988632e-02 1.877569589969509817e-02 3.571124659168845028e-02 -5.463998376220470651e-04 -1.645070145288901348e-03 9.374170665146131995e-03 -1.167732843717275122e-05
1.784132597549580729e-02 -4.645700737501563295e-03 -8.243091070592052302e-03 -4.706661675639199432e-04 -4.690186254399022895e-05 1.659087853189222458e-02 2.154179473004994537e-03 1.021077357102674697e-03 -1.280737299675331967e-02 7.474946335514186420e-03 -1.141673457544874204e-02 -3.767347485943870421e-04 6.146301150347809788e-04 3.531154146519211584e-03 -1.176209756155235410e-02 5.251578028627430957e-03 -2.971626342166669779e-02 2.516252362910765530e-04 2.284177396156167415e-03 2.749786451712987051e-03 2.621866801271367656e-04
3.764825632142614151e-03 1.203328834777350927e-02 1.148730318970148405e-03 1.702113062853341519e-02 6.114794870538908106e-03 2.963116160981210364e-04 -5.764490789706006171e-06 1.487558369326929652e-03 6.676330081565230333e-04 -1.836020935921702174e-03 -1.941555828281496749e-03 -8.886118448971787028e-05 2.133397350339864877e-06 3.282788349256224314e-02 9.811576363085572697e-03 -1.992439478626051061e-05 -1.351464175366596135e-06 -1.388811271959428143e-06 1.278088576255880258e-05 4.836925388447053396e-06 -2.949069079175178042e-04
7.101459440851840346e-03 -1.672497435268153337e-03 -3.537979000699570734e-03 -4.002829433626594333e-04 -3.437233817705324392e-05 1.080376874231101132e-02 2.205837334812740889e-03 2.981161348115472180e-03 -2.910991674682286007e-02 -3.356051457629453255e-02 2.196108754965082552e-02 1.729776458933476434e-03 1.030539424596875123e-04 -7.603117902739653594e-04 2.312179533839970637e-03 -1.536836288644015782e-03 -4.103019428075285681e-04 5.037023181783206825e-04 -4.066014049794920704e-02 2.312305882932382331e-03 -3.016492514871759443e-04
1.554213978464272922e-02 -3.950645813460732826e-03 -8.089352019912432121e-03 -8.237454750160356966e-04 -7.770136934419802788e-05 3.216526820122943275e-02 1.081263626865526864e-02 -6.093155825118864999e-03 1.718075470139318606e-02 1.946998850532217487e-03 -4.838137996532571039e-03 -1.392554053606126540e-03 -1.128713325497269701e-03 -3.264965328798052902e-03 1.028420764965162770e-02 -6.177264106558024576e-02 7.791530201236717031e-04 2.049677432084340427e-05 7.538080538069484972e-04 -4.795788847641088010e-03 -2.012182445631859431e-04
3.467130364436190552e-03 1.154946639491328912e-02 1.190388777022113442e-03 2.357178753949578862e-02 5.264164770633405176e-03 4.067905111795370944e-04 -6.169834930486671996e-05 -7.596852845682768030e-03 -1.951738133817880125e-03 2.701185066148903240e-03 2.669395703181859716e-03 1.007617260505290583e-04 -1.932095240493002597e-06 -2.559741645837644228e-02 -7.621710165351441163e-03 1.818182719691455344e-05 9.755901584261775404e-07 1.276144922008795436e-06 -1.302314129237054658e-05 -6.413434306633758534e-06 7.541914617030545621e-04
7.227062375719444515e-03 -2.359082996392275304e-03 -2.570717233168482059e-03 2.663439756279173160e-04 1.617252445681110980e-05 -2.779864333139865033e-03 -2.807478049614906337e-03 -7.947954151398870892e-05 -2.978155779485289062e-05 3.485453289825659251e-04 -8.104098137597955500e-04 4.701879654787037913e-03 -2.507442933024683906e-03 1.210668602017653641e-03 -4.092753365042528513e-03 7.295038129893694542e-04 -7.141404273884607336e-03 5.173686408987621587e-04 4.192924362762742371e-03 2.676305504067286872e-02 1.524662267264012170e-04
8.371354048570856660e-03 -2.151955487508201009e-03 -4.056771916453028731e-03 -3.093084855151526048e-04 -3.032251214201827304e-05 1.063874833826060178e-02 2.065461294051820860e-03 5.697328568450795751e-04 -9.817824221987158859e-03 4.837421057752330431e-03 -9.888754061013301649e-03 -1.043671242630618860e-03 -2.857065864577956207e-04 7.184364580016625599e-04 -2.763213681953984643e-03 1.660149371963633852e-02 -2.068293787330361885e-02 8.500604250522302051e-04 6.525745375975396112e-03 -2.953968274148383033e-02 -6.175930540392502279e-04
1.880210686688460475e-02 -6.358649324685107865e-03 -6.745765362152871848e-03 9.769353564372167207e-04 6.411473491742601769e-05 -1.341180089853342972e-02 -7.757690679276130381e-03 -6.502822333629508901e-04 4.306114169108574141e-03 -1.323831024050545115e-03 1.148725013335836088e-03 1.010537855979546512e-02 7.495083107680474387e-03 -1.892496384287968873e-03 6.261905581019257781e-03 -5.724518532112300457e-04 4.830289794717871135e-03 -4.255622369853748351e-04 -2.270301713295466272e-03 -1.245180663245689691e-02 1.799569056408457327e-05
1.461642984259919203e-02 -4.890594158260157427e-03 -5.287313616596534330e-03 6.981987955169961617e-04 4.505999671975712060e-05 -9.057602350410826758e-03 -6.444833885076876011e-03 -4.177845208838020571e-04 2.534811583610881072e-03 -5.734871916127572567e-04 3.219467192138326245e-04 7.796367027652820365e-03 2.782726190541606921e-03 -3.622885865838465979e-04 1.159882173491942701e-03 -9.556321355103111303e-05 2.966310674475723208e-04 -6.943728881784135866e-04 7.090762957846189103e-04 4.673301462385453207e-03 -2.139000474179564041e-05
1.351781196425780145e-02 -7.681937862987838969e-03 3.961977839909195526e-02 -2.652717431938625458e-04 -1.467957992534332696e-05 2.369195693176583128e-03 9.723104991027682218e-04 5.410853919659288312e-05 -2.867937852518752189e-04 5.794746790131837758e-05 -2.422308818052095164e-05 -8.302574501811120500e-04 -1.781533767620372723e-04 8.610536615045520062e-05 -2.858093321624882027e-04 1.393403761650828752e-05 -1.696539737525261729e-04 -1.706619600396046960e-02 -2.242667569757122125e-04 -2.547248365960060761e-04 -1.733345893209222528e-04
4.776173938870972163e-03 1.390959563591563468e-02 1.077614734688182429e-03 -3.864017480415822114e-03 -1.924551511799173914e-02 -6.534811368248421735e-04 -5.635517067706226438e-05 5.778962399126250831e-04 3.732401798309735149e-04 -2.352146274670701928e-04 -1.319908002131412351e-04 1.057941457682654261e-05 -7.365659472630305166e-07 -1.014689084396308994e-03 -1.680335500341383347e-05 6.238593849438977260e-06 -5.683321934402047173e-06 -1.528066662713213993e-05 2.229354947884593693e-04 2.019545108403259708e-04 -6.173135290401873809e-02
6.585998045833774302e-03 2.004910753499563811e-02 1.665981372252265226e-03 -2.415831971716465507e-02 2.169985996322778415e-02 -2.828857838491885459e-03 -5.171638574610105694e-04 -2.900642507856089972e-02 -5.688010479725641444e-03 4.726882221238351382e-03 4.311190493487604414e-03 1.183669180496397383e-04 -1.142066406079467514e-06 2.442618840743011801e-03 9.041488891386609359e-04 3.266411324429795922e-07 -7.536715306303484094e-07 -9.682508681931512292e-07 9.207264105058681221e-06 3.884710597592273022e-06 -7.685374311648672890e-06
2.396487685202233070e-02 -8.071964803197008084e-03 -8.880894146248216950e-03 1.233716193322866982e-03 8.070545785915597833e-05 -1.673268319952752464e-02 -1.076447875656646666e-02 -8.137484620067875251e-04 5.416685705539154953e-03 -1.685805580309349258e-03 1.664811295902131989e-03 7.949673956778136735e-03 1.475723123905322599e-02 -2.106225034783164394e-03 6.948791177205219417e-03 -7.145826250880378191e-04 5.582188532460273869e-03 -2.060580410446018109e-03 -2.056446181948061620e-03 -1.015887866970851400e-02 -6.747490504778959927e-05
2.273902483192028010e-03 6.810299437812662553e-03 5.666051882694447123e-04 3.063280193094428290e-03 2.929210760533082058e-03 3.683387497364712257e-05 3.376442835561216794e-05 5.984837927740305381e-03 1.732711224087132591e-03 -2.743510234230702328e-03 -2.723078372805656441e-03 -1.009016859036589858e-04 1.669877226885466714e-06 1.066569216514167903e-02 2.992937509920992351e-03 -9.470592738151547882e-06 7.043168796999131752e-07 2.083794399352284784e-06 -2.577212499922321167e-05 -1.803677843960962494e-05 3.094804723475625373e-03
3.529931831860207928e-03 -8.084106239629186260e-04 -1.729961895139520145e-03 -1.990762252231619142e-04 -1.649463497168592678e-05 4.964035135832843559e-03 9.393601331137384344e-04 1.481239056564937493e-03 -1.306780170924984157e-02 -1.419011381409566487e-02 9.719915225508198031e-03 7.163495245431345361e-04 7.827216154379242042e-05 2.886641187308443832e-04 -9.536697896568019492e-04 -7.279633449050528513e-04 -9.889388213198042378e-04 3.661617313856189450e-04 -2.713753869292186496e-02 1.635991680593979663e-03 -1.509774009198988707e-04
4.154684092302803923e-03 -1.496213377417967465e-03 -1.754888527391265012e-03 4.627531476765460059e-04 3.580016938197229099e-05 -1.117750757444394526e-02 2.793647329213571825e-02 2.876841529658098512e-04 -1.242154342002512119e-03 2.122234614368526942e-04 -1.588652700047683039e-04 -1.483581256825679956e-03 -9.985055680881819735e-04 1.594597499595898512e-04 -5.233665650314826921e-04 4.043560651584693344e-05 -3.235517450567861161e-04 -1.240900936611795738e-05 1.411127170829514356e-04 8.034906795753487055e-04 -3.643975716930039815e-06
1.460419579050161940e-02 -4.866847748626115626e-03 -5.648018383087483919e-03 7.158014129345744055e-04 4.638274050358634401e-05 -9.382693397163799354e-03 -7.542218583012441982e-03 -4.221786421405211991e-04 3.008850276887784381e-03 -1.169525440074496410e-03 1.876826199498286005e-03 -9.960680128533174957e-03 3.842243218681527274e-03 -1.049819799423490173e-04 2.892147046109717142e-04 -1.942099524581571406e-04 6.223440925103094611e-04 -2.527644360710906354e-03 1.549929620914549614e-03 1.320146063482164484e-02 -2.556020257573685789e-04
1.273646383695297736e-02 -2.999559237783624554e-03 -6.154119472357126065e-03 -6.155888891541032391e-04 -5.814052164896270277e-05 1.726021568239536827e-02 3.892719413098391212e-03 6.966583819875434404e-04 -9.254737745404277224e-03 7.930326214580644614e-03 -1.057295507265058193e-02 -1.531501269938051295e-03 -6.278756960284747257e-04 -3.092435653993861575e-05 1.539993817848417108e-04 2.325846617051644926e-03 -5.867909183235690655e-03 1.295935920872305668e-04 -3.579235341312870058e-04 1.242324693057164772e-03 2.995134117611912821e-04
4.385499875223716586e-03 1.240588361965551736e-02 8.961941543739653307e-04 -3.871807430861132042e-03 4.142653213380365074e-03 -9.621303920949774498e-05 1.109218370628452710e-04 1.620362854040036799e-02 4.331804074275064260e-03 -5.700053617741745841e-03 -5.486598257752125715e-03 -1.798632317585215491e-04 2.231816411717319897e-06 -1.676674848423746582e-03 -9.049985716112737876e-04 -3.606621869736348123e-06 2.026734445006344192e-06 3.551552579868853833e-06 -3.931869644798774595e-05 -2.375294305929296547e-05 3.725777878190475196e-03
1.096741990365654278e-02 -3.540426302969322103e-03 -4.153255856880067563e-03 3.920338112065741010e-04 2.368478294890129153e-05 -4.034069430799792910e-03 -4.089521018161315809e-03 -8.784132974471398428e-05 -5.015913153952393467e-05 5.460321767751157105e-04 -9.641307824861052077e-04 4.626709037036292119e-03 -1.396067001975930021e-03 1.663185746926598447e-03 -5.580463489145951958e-03 5.860127388432528677e-04 -6.159300999752908429e-03 -4.501617614055158684e-04 3.777495927939095426e-03 2.186885655275172535e-02 4.257123046309349720e-05
1.448511768341929733e-02 -4.851185795193856988e-03 -5.753853291774248604e-03 7.537618892990842782e-04 4.929563894249221879e-05 -1.014382062369794529e-02 -8.871045104905132470e-03 -5.034893899606065343e-04 4.017042493427242823e-03 -2.079900550580267553e-03 3.929864858141695651e-03 -3.266199378264374870e-02 -1.254059419719955699e-03 -4.170258966066891343e-04 1.297983922390810599e-03 -1.387087555705524243e-05 2.157961465876348311e-04 -2.639620538461844631e-03 2.190501334270086951e-03 1.910521311287745327e-02 -3.934979525984163575e-04
5.174188433766875421e-03 -2.954774902661675730e-03 1.537264715160728372e-02 -1.061905248750387616e-04 -5.912289025075471080e-06 9.650841952328733297e-04 4.084326120473844761e-04 2.369144669338529131e-05 -1.287843887586857035e-04 2.754052803255185048e-05 -1.127894866425863394e-05 -4.187727507406712162e-04 -9.639243279768439077e-05 5.096973833000900141e-05 -1.699624617262078150e-04 8.504994781428865816e-06 -1.136142310832290495e-04 -1.527707092666800472e-02 -2.309372047388862602e-04 -4.576491473131240155e-04 -1.101187957880733959e-04
5.112202569801529463e-03 -1.780161711955303896e-03 -1.124322167676665386e-03 2.516459404036895924e-04 1.656244888832849411e-05 -3.474107645026941298e-03 -2.088723382416275091e-03 -1.754434730101081671e-04 1.156348488566376342e-03 -3.506438908956264057e-04 2.610931218270021561e-04 4.231149368407923113e-03 -2.708271586701172396e-03 -4.646698736490613175e-04 1.541798847418653952e-03 -1.152351268445580136e-04 1.075634982330877891e-03 2.711902836278371181e-03 -5.039822789750891645e-04 -3.177024592632908540e-03 8.190325789512346107e-05
5.550181634891227650e-03 -1.378331380128863934e-03 -2.793072882323368623e-03 -2.764104992210507741e-04 -2.639348574560607417e-05 9.104158208611965591e-03 2.327666103297589169e-03 5.386463809093803646e-05 -5.920443669932084693e-03 4.644353155485014123e-03 -8.891405077490281347e-03 -1.525693376740765378e-03 -9.742606508983856590e-04 -2.308309917457055348e-03 7.341671445055089271e-03 9.778695589713294264e-03 1.525724397468840136e-02 -2.107140104725657422e-04 -5.184806260020550801e-04 3.363637584999211450e-03 1.023468313034578043e-07
9.437347787998165427e-03 -2.626977683220186547e-03 -4.172643740199557215e-03 -9.285245843539305214e-05 -1.305880862877595140e-05 5.728063611346943806e-03 -3.245317702639644687e-05 3.689905646497981936e-04 -5.453237069477289041e-03 2.946008776174614992e-03 -5.005513620435485603e-03 8.255566022560672504e-04 9.522788603315491445e-04 1.838709745201293037e-03 -6.178591248270500283e-03 3.151037418855858179e-03 -1.524815867472003456e-02 6.863337891679874043e-05 2.410545221758164398e-03 2.903489200995618136e-03 6.920761606546389170e-05
4.943372650869881126e-03 1.628509641508037870e-02 1.645041637543281270e-03 3.041812280587982004e-02 8.245942150623013223e-03 5.354437619716679751e-04 -6.001761343598808004e-05 -6.040166138064050234e-03 -1.378526743062738653e-03 1.222806150363821547e-03 1.096409689733247091e-03 2.632181409673748916e-05 4.019645782665722048e-08 1.048870110022538486e-02 3.260146400045317409e-03 9.046913529786177859e-07 -1.260008408466871445e-06 -2.168416246536803450e-06 2.489202318892593291e-05 1.642104962957598952e-05 -2.597814312350159999e-03
1.297869806848239368e-02 -4.369976529398319695e-03 -5.298566607145614379e-03 7.209938026720448924e-04 4.765131484699059621e-05 -1.000323931354201931e-02 -9.457940655810227054e-03 -5.546496153448760144e-04 4.938054748942173784e-03 -3.251585090286036872e-03 6.638187720366415211e-03 -6.575428090561359629e-02 -1.119794837425821220e-02 -1.526753017163203852e-03 4.999322029616038408e-03 5.358141265234892935e-04 -6.281979818683848180e-04 2.301412601926110593e-03 -1.492782947113762857e-03 -1.114313165647723425e-02 1.822721649491592635e-04
5.841352074811368214e-03 -1.657041385526204216e-03 -2.511661374503019410e-03 8.582632786092122377e-06 -1.986743252570888512e-06 1.513242092482168987e-03 -1.006085838568410119e-03 4.420373585459740485e-04 -2.745093688420779249e-03 1.229070770918169655e-03 -8.432950123461037222e-04 -1.463855662310827727e-03 2.004777615639882348e-04 3.565060821386902175e-03 -1.173904858963025800e-02 -4.158604918003065264e-04 -2.688582720334159199e-03 -2.730146748545144190e-04 1.000627343868427900e-03 7.326541643639852136e-03 7.397203787654565420e-06
7.678091096380178747e-03 -2.638333893779157974e-03 -2.295216667579659184e-03 4.000110151296705496e-04 2.639479037268311885e-05 -5.582177816826605285e-03 -3.061401535243299821e-03 -2.804234836041599407e-04 1.857293134548334591e-03 -5.580814258507111247e-04 4.152144802606017536e-04 5.749499878855561172e-03 4.770323833815861767e-03 -1.019829528043142506e-03 3.382780847414846789e-03 -2.948828457243421203e-04 2.654037018731388552e-03 2.201715363647440207e-03 -1.414438557939130510e-03 -8.658960234098846478e-03 9.379486233709280908e-05
9.629014604191825019e-03 -3.228962498812172708e-03 -3.508683313053660973e-03 4.719124865426391896e-04 3.061129035611624813e-05 -6.221023671441330491e-03 -4.437251274076702869e-03 -2.934381758767340529e-04 1.901610177353871365e-03 -5.482083891518427015e-04 4.199248638189525249e-04 9.215317645596982771e-03 -2.553095311213220489e-02 2.078118583663212922e-04 -6.992583930485510822e-04 8.307575072409045000e-05 -1.047601449865355472e-03 -3.065874972421125401e-04 1.265467331361907252e-03 8.215145914511291433e-03 5.816195285651447161e-06
3.491516908274266973e-02 -1.175004511913200697e-02 -1.277419444588867754e-02 1.764470225752557244e-03 1.150213644882348233e-04 -2.366039682752346662e-02 -1.549758203955249776e-02 -1.153957118715894263e-03 7.385321334999598621e-03 -2.047945484771781979e-03 1.578343451675910496e-03 1.819147643723754287e-02 2.072051408284793922e-02 -2.762633843294606904e-03 9.096850643346978196e-03 -8.208018077623638505e-04 6.471669378928426170e-03 -2.296772320134087518e-03 -2.063170047046652619e-03 -1.029129051538236507e-02 -5.386059711681016237e-05
2.692551745961314566e-02 -9.110507394048712390e-03 -9.737205746092188544e-03 1.413061611624773792e-03 9.288716919819573078e-05 -1.951608753007482919e-02 -1.068983455422018412e-02 -9.426475665531135759e-04 6.226625917651025001e-03 -1.873012819561718474e-03 1.550603987559469104e-03 1.510810081838039921e-02 1.823323846922307589e-02 -2.978152272057396112e-03 9.853662428122696160e-03 -8.982468452593052625e-04 7.608137915147755378e-03 -9.104369654989688965e-04 -3.627994390495335991e-03 -2.039775878437019574e-02 3.818568067465590943e-05
6.434295799808698035e-03 -3.644106627468367884e-03 1.867702315124319251e-02 -1.219728059494883305e-04 -6.713431140350368246e-06 1.072048682617440145e-03 4.291664735825458771e-04 2.272968750223440453e-05 -1.160468128300134544e-04 2.099461827314111847e-05 -7.714294778940343256e-06 -2.905092690437633893e-04 -5.794513646334733777e-05 1.902616306630517973e-05 -6.211692947844199390e-05 1.428644525055978941e-06 -1.246345798310341078e-05 -7.765250114328388570e-04 -2.574023550232744164e-05 -2.531581867394671692e-04 1.544325000083326179e-04
1.010777384296988705e-02 2.869586628791546273e-02 2.081433454956505349e-03 -1.219962467606912869e-02 1.002887414275737896e-02 -4.802383890779619250e-04 2.238035401611639650e-04 3.744146833490336751e-02 1.035173922723989920e-02 -1.436893634315357382e-02 -1.392504361767270965e-02 -4.668936637344812935e-04 5.889378188005814845e-06 -1.119023209925104623e-02 -4.584887817551073878e-03 -6.920374661760391789e-06 6.906581530421819648e-06 1.283678179161741436e-05 -1.410332479828541030e-04 -8.074116773537416572e-05 9.631831221020981451e-03
6.452239076212651879e-03 -1.647676799701718736e-03 -3.444682187736654473e-03 -3.642232105602356959e-04 -3.322614691815343449e-05 1.543921442112613021e-02 5.761400198006401928e-03 -4.138919295344805488e-03 1.551929022539963801e-02 -2.811981407134354731e-03 3.705217752174890748e-03 1.827650672094524294e-04 -1.054438065704108295e-04 -7.212564964050504008e-04 2.274929271653734417e-03 -1.611096037534661199e-02 2.730253479207986529e-04 7.192169042459502324e-06 2.683332108586461298e-04 -1.881648199250406626e-03 -8.500931686704338557e-05
5.195394124070344156e-03 5.426979690805584788e-03 -1.077440305169328431e-03 -3.237666251956091996e-03 -1.007152130342604259e-04 4.618453791515618467e-03 1.030446719635833746e-03 1.881906429110413032e-02 -5.692000851703392719e-03 3.283051412009341946e-02 3.498110697553170889e-02 1.544818897900672536e-03 -2.684840371930976750e-05 3.192241007074930769e-04 6.734083709463336252e-03 7.783135872982514943e-05 -5.415600599638534208e-05 -7.700823194263487653e-05 8.119281985759605347e-04 3.818351407628805378e-04 2.679335839379848316e-03
8.053268694043751869e-03 -4.567978720049189860e-03 2.348169314862729590e-02 -1.554354825661622059e-04 -8.583165819607957087e-06 1.379963841355877872e-03 5.598226419992331478e-04 3.078056856417887176e-05 -1.621904332983983995e-04 3.250534646988768650e-05 -1.410004537156048598e-05 -4.532789998351083077e-04 -9.482198676143568331e-05 4.686966258113350853e-05 -1.556121263077130817e-04 8.160148021592012970e-06 -9.828406505201668023e-05 -1.038211406963850461e-02 -1.473331523752707741e-04 -2.692730409391024720e-04 -5.563632511598254397e-05
2.591172234248206429e-03 -1.232704541829444424e-03 4.175817637082795443e-03 2.232489580064615011e-05 1.755869467989574919e-06 -4.357505646472778211e-04 -3.495712335783478708e-04 -3.010402001341798425e-05 1.898000025866167987e-04 -4.859429982681299739e-05 1.377883184444402061e-05 9.205299959526632315e-04 2.511781712909177153e-04 -1.030698101508575448e-04 3.414942342494229396e-04 -7.586616319868678805e-06 1.036994965984815587e-04 9.136947064319066864e-03 7.654161317361566697e-05 -2.361750146070166134e-04 1.824579703061538025e-04
7.080253750545991570e-03 -2.549760263313625552e-03 -2.990988998574913710e-03 7.884389024013843325e-04 6.099220874199379124e-05 -1.904053786269757284e-02 4.757629399354007527e-02 4.895367609903908705e-04 -2.115470524302176265e-03 3.647520576333065272e-04 -2.771103244991909268e-04 -2.587312310017310900e-03 -7.783063140223501000e-04 2.490935821576942114e-04 -8.171135658778417177e-04 6.083486414675658702e-05 -4.864019095742364257e-04 -1.794452733381699021e-05 1.970685151108097783e-04 1.086056612174796706e-03 -4.279618551036350976e-06
1.037202936824575296e-02 -3.227114677674671264e-03 -4.077076882611404759e-03 2.429448105984473164e-04 1.247617159269211777e-05 -1.078961634738153990e-03 -2.792723870120905876e-03 5.030910114269043700e-05 -1.671648323863691261e-03 1.339260071771555599e-03 -2.244941894042708653e-03 3.498330784169461586e-03 1.820071929139109113e-03 1.693095392641802465e-03 -5.679527387454567748e-03 1.143906189026760046e-03 -9.851244294137809915e-03 -4.813936111548402673e-05 2.968039394390083532e-03 1.513844390381187573e-02 1.165871511439603035e-04
1.733320501171383907e-02 -4.275104489625992585e-03 -8.200717050062977798e-03 -6.616304004251814764e-04 -6.081415936198138579e-05 1.987691526510975207e-02 3.682156607284155052e-03 1.100638901554824856e-03 -1.285925288078677495e-02 8.828619662885632893e-03 -1.211991942841927038e-02 -1.221685566271588997e-03 -1.702396614860130403e-05 2.561793353809151824e-03 -8.421032369380600929e-03 2.865503135823656289e-03 -2.355070034230612522e-02 3.322208729778594757e-04 5.492978666630167657e-04 1.608585149920814961e-03 4.099346143912926520e-04
1.891384454277314628e-03 5.774408864935342937e-03 4.823179777691404576e-04 -7.127161264943559192e-03 6.425856733941511488e-03 -8.435996877835602462e-04 -1.570719911953862675e-04 -9.047983245951927989e-03 -1.804701870559639269e-03 1.561893066046981865e-03 1.433771850324385257e-03 4.033847603371698787e-05 -4.048771731686388321e-07 9.328933911298651098e-04 3.464226229542985360e-04 1.319686229196335844e-07 -3.193014111350860223e-07 -4.654949596530121730e-07 4.598799340935655947e-06 2.046192824855420910e-06 -4.376707015059795965e-06
1.065749058385388921e-02 -2.631072974025051945e-03 -5.105453352344692733e-03 -4.324667290006327575e-04 -4.017445810249738826e-05 1.321738989447038791e-02 2.649729375238588005e-03 7.365676176673789785e-04 -9.937797684508566098e-03 3.898083278316952054e-03 -7.556404227942148735e-03 -9.089271125630488547e-04 -2.726892413490894268e-04 6.522887663998078742e-04 -2.246535975536621127e-03 4.842300442695610108e-03 -1.018126123062061510e-02 2.495794203845261706e-04 -1.623439566893385057e-03 -2.208527462043627810e-03 1.024939184799110334e-04
3.796634167589179633e-03 -2.128948919567786365e-03 1.070992143121604623e-02 -6.471978443758701852e-05 -3.500061456999858552e-06 5.393849562602762160e-04 1.956681051179273809e-04 8.329318783477392932e-06 -3.445757057779495790e-05 1.600793484080694991e-06 9.387202912113204542e-07 1.694259056428195384e-05 2.048993477948572020e-05 -3.245392322379521942e-05 1.111879895893647352e-04 -9.673714170729451822e-06 1.575182984466409546e-04 4.122440338887658345e-02 8.530230313684782984e-04 3.648102373257878454e-03 -8.144268498231616417e-04
2.140714436017522246e-02 -7.174622338195910803e-03 -8.069747459837640566e-03 1.073799574507285125e-03 6.988827989560333659e-05 -1.430768588132750631e-02 -1.015934159594537346e-02 -6.754522786311075496e-04 4.536409749241568888e-03 -1.465805524973089451e-03 1.713009004454223378e-03 1.285720146062543749e-03 1.096996225315022278e-02 -1.168711225550318668e-03 3.824728185547419338e-03 -4.968929288523052639e-04 3.263321513621456147e-03 -2.612025709559686205e-03 -3.252146203622719085e-04 1.028435811786824680e-03 -1.518611036758369466e-04
9.438163391472109351e-03 -2.459708983139506124e-03 -5.319148203756686108e-03 -6.467250777971885172e-04 -6.126411257308982182e-05 2.961400233477235605e-02 1.287385493399064232e-02 -1.199349023589868155e-02 5.479467525910022840e-02 -1.924030665458533948e-02 2.957221418146678202e-02 3.683818863473074020e-03 1.642622062790240504e-03 2.865311125747210114e-03 -8.808524523262221614e-03 4.526783827135757998e-02 -1.749182753936857015e-04 -1.540056683496900924e-05 -4.298821387679025796e-04 2.630278050080590065e-03 1.067993178984578885e-04
3.929577533715142464e-03 -2.243966816039618273e-03 1.167390026284669154e-02 -8.061562700202614513e-05 -4.488004370815187503e-06 7.324609587840444445e-04 3.099211681526665443e-04 1.795887277163986449e-05 -9.753700598385755898e-05 2.080070714452502176e-05 -8.464914087740643925e-06 -3.166314704206379884e-04 -7.289463333277729185e-05 3.825119990982255220e-05 -1.275277754088183723e-04 6.305945863926798971e-06 -8.437265826804480728e-05 -1.142477200667668322e-02 -1.737093474697760963e-04 -3.536406903387613707e-04 -7.665244371454019167e-05
9.069510621627085989e-03 2.760157362198795150e-02 2.336283647989731080e-03 -5.375035769628412445e-03 -5.384088027841433394e-02 -2.067463372945858077e-03 -3.445579050037022965e-04 -1.397220218402717672e-02 -2.008414597783890129e-03 9.173849064063979198e-05 -1.570189052016914423e-04 -3.123878269226280311e-05 1.051162460932268576e-06 2.610984467599123705e-03 5.580433886046630258e-04 -4.924930906196118772e-06 2.753380439843960395e-06 5.313051282166247254e-06 -7.132469734077973543e-05 -5.809510555842164846e-05 1.534297379350568757e-02
1.110362568367488298e-02 -3.732963110066973931e-03 -4.548591857732503345e-03 6.126678042224158833e-04 4.046247086180654242e-05 -8.479528304456140919e-03 -8.139420449672996397e-03 -4.652108589290542646e-04 4.203431019823625908e-03 -2.820324485666058072e-03 5.829488441570001775e-03 -5.853491242226448871e-02 -1.016104473545945130e-02 -1.264390090986789936e-03 4.140916963501671370e-03 4.875034593199618644e-04 -7.112649043161985022e-04 2.290216673863842631e-03 -1.442459608705161031e-03 -1.107907736615702451e-02 1.940641130567870537e-04
2.917413623521212737e-03 7.932775966824668484e-03 5.206039644555196955e-04 -3.417894966785519576e-03 -5.233975270436877215e-05 7.565817694610184397e-06 8.390677999565602846e-05 8.591291563884070545e-03 1.887623531151135393e-03 -1.284830098517358811e-03 -1.052216641054022498e-03 -1.111754108992854308e-05 -4.058596408767024206e-07 -2.803503154379137236e-03 -6.392532738194202629e-04 4.684686381454487232e-06 -1.987080746184485717e-06 -6.224259903077941202e-06 7.825361317808009968e-05 5.456439935483461007e-05 -9.697077082751333690e-03
1.686015499729325712e-02 -9.588083431953085128e-03 4.951111981664601397e-02 -3.328050168668149475e-04 -1.842913646808575957e-05 2.977743854670991674e-03 1.227157641604772554e-03 6.847014548753946914e-05 -3.630607298546424449e-04 7.315926954420078391e-05 -2.970000339868845914e-05 -1.062347230317864117e-03 -2.302564116047101127e-04 1.088203920851454567e-04 -3.610622365122261382e-04 1.670135035754679884e-05 -2.054169869283653527e-04 -2.079953574716866121e-02 -2.719999829563329559e-04 -2.998405830977482023e-04 -2.110739217358841686e-04
1.172837794411998869e-02 -3.991534543860464183e-03 -3.988295944313717707e-03 6.184644832954679832e-04 4.081259316277686635e-05 -8.670393353049461391e-03 -3.952925198584790467e-03 -4.072759680200826234e-04 2.681229409479117531e-03 -7.899675522586252583e-04 5.817778290253875200e-04 7.797793857774223091e-03 8.381809189859711767e-03 -1.418283730895295242e-03 4.697801591732996516e-03 -3.948539537373569079e-04 3.496254559190976798e-03 9.381990585693893766e-04 -1.859295967184544218e-03 -1.104456624834376961e-02 7.447086614569941709e-05
4.896883252890359139e-03 -2.782859730470329130e-03 1.435162846081785779e-02 -9.595282379382106034e-05 -5.306995871624756387e-06 8.554110841102822559e-04 3.507322569038318419e-04 1.933609474087628292e-05 -1.015713830448864661e-04 1.989322768866493021e-05 -7.743486585737539959e-06 -2.878544465252304589e-04 -6.157350441582653275e-05 2.651835887947515805e-05 -8.768357719861853889e-05 3.495195565669808154e-06 -4.140140579928118709e-05 -3.500684690747576325e-03 -4.053181300829277714e-05 -1.552056297842047421e-05 -3.801112591842493733e-05
8.275928442210415958e-03 -2.728184391792736526e-03 -2.806469172586424990e-03 3.254379873844085369e-04 2.016492522386840482e-05 -3.677879095718753020e-03 -3.020887677189650587e-03 -1.431669507415715887e-04 4.267701011990361658e-04 2.133737411207948522e-04 -6.563785164612141775e-04 4.764234495430921118e-03 1.861252585293579100e-03 3.799201697560501538e-04 -1.306275268479403177e-03 4.686402663706185816e-04 -3.923927061497033825e-03 8.826354354277032204e-04 1.654971517983656708e-03 9.125874904374111155e-03 1.059720229059494298e-04
4.060074089431322912e-03 1.220163939049612525e-02 9.904056410383625577e-04 -1.313758714010917691e-02 1.158424664752209614e-02 -1.457276296979832190e-03 -2.415454340272863527e-04 -1.154990743351929847e-02 -2.019335775276781715e-03 1.201633840087598789e-03 1.027991205509221420e-03 2.125014706428656193e-05 -9.874940380450634700e-08 -2.049154469473593706e-04 -8.205991280641883854e-05 -6.504457357510701939e-08 2.301039040706660558e-07 5.396905186366686192e-07 -5.797421547456289967e-06 -2.825122411744548677e-06 7.359000788861377529e-06
4.900145666782837126e-03 -2.735946096833173809e-03 1.365194922316153789e-02 -7.964239735809398673e-05 -4.271219846604170037e-06 6.468322346675833964e-04 2.244610428707624866e-04 8.355752132001318942e-06 -2.893076822598969478e-05 -2.421857894317950750e-06 4.060173292695003871e-06 7.854257945114483000e-05 3.242146465078471316e-05 -4.471407386664346642e-05 1.517902324031003536e-04 -1.219024991720362958e-05 1.663415356561815728e-04 1.882379731871528655e-02 2.052116785071374488e-04 -4.037747849742111478e-04 6.613809848687793444e-04
8.177240421957733194e-03 -2.067170158632703012e-03 -4.242782147981731533e-03 -4.358194661707373704e-04 -4.122613601909152635e-05 1.650815459677927588e-02 5.377855235622046141e-03 -2.645326585371656890e-03 5.845783942919936804e-03 2.393552177702034257e-03 -4.920842918856750160e-03 -1.117455588437215675e-03 -8.343133204522917021e-04 -2.308442744303008942e-03 7.310070372387012828e-03 -3.126995023841029619e-02 4.511051105334821891e-03 -4.843644354909160875e-05 -2.962982876283269733e-05 -1.510979768681007702e-03 -1.021539932019776479e-04
2.382948667547686583e-02 -8.058959973162410986e-03 -8.422771177878552937e-03 1.222061937165645415e-03 7.999783801617687813e-05 -1.662954252097851443e-02 -9.975419867685774919e-03 -8.136748936026000269e-04 5.246596848141243073e-03 -1.480519681947207273e-03 1.077407613539077026e-03 1.475529015549388763e-02 1.411825495201384298e-02 -2.314100749287455790e-03 7.644207709969855560e-03 -6.422781145441382048e-04 5.434454991297969079e-03 2.684424453810529227e-04 -2.373585146579552854e-03 -1.347520779599279891e-02 6.219020442315597360e-05
1.359529429419556283e-02 -4.628523332621802336e-03 -4.978229998561045297e-03 7.556843840985941413e-04 5.011799387678398114e-05 -1.069234539158132186e-02 -6.755559849484150947e-03 -5.842007860248297482e-04 4.260367179871221363e-03 -1.716098327772425840e-03 1.693463439434420145e-03 2.219512674167543193e-02 -8.831641684499431932e-02 -7.297143883965233986e-04 2.509776072458627227e-03 -1.250628420946282978e-04 2.647784855785652227e-03 -1.000805391909350252e-03 -1.932800505071738265e-03 -1.166378068859562876e-02 -4.354226526587218595e-05
3.206952856496968728e-03 9.452248830269254290e-03 7.395819832976421003e-04 -8.358886509845748353e-03 7.098226496999424269e-03 -8.266755660543566222e-04 -1.052209493521372662e-04 -2.323673182663271719e-03 -2.892519531253273670e-05 -7.721562836133389479e-04 -8.141952886058198861e-04 -3.340168303491340641e-05 4.836801271028005091e-07 -1.597470074082105174e-03 -6.007036056109337548e-04 -2.755786116550710622e-07 7.031361314490235764e-07 1.160321466210609317e-06 -1.165141017807118319e-05 -5.241520850426064090e-06 7.826807205425871176e-06
9.085822691063836706e-03 -2.354999363510864620e-03 -4.321375392915673651e-03 -2.934627409636651838e-04 -2.905873479836758387e-05 1.025811292744866106e-02 1.743273858122903943e-03 6.346838449859272925e-04 -9.537415543289760878e-03 3.883822815487786555e-03 -8.197336426411431717e-03 -6.417542680081043385e-04 1.152146791126886763e-05 1.364415392237498239e-03 -4.792679266976689230e-03 1.181303842670813550e-02 -2.171305409754929056e-02 6.556186228563666996e-04 5.000000269743314595e-03 -1.969783726530927731e-02 -3.607130255120534891e-04
4.234613232675243574e-03 -1.020889876800401682e-03 -2.157777481023496254e-03 -2.483129574203894871e-04 -2.192111780248967234e-05 7.165739426210284042e-03 1.561876306160618361e-03 2.129246250717924723e-03 -2.289198812619208309e-02 -3.043153520143572835e-02 1.982416972076860712e-02 1.764454033385188430e-03 8.099434111895997379e-05 -2.625000019706340022e-03 8.317426796724676843e-03 -2.490526969909410016e-03 5.853318420634044672e-03 -7.335416638466218681e-04 4.597758659191028552e-02 -1.249972589054491184e-03 2.376102197964389130e-04
1.160603742316981823e-03 2.321623444334889284e-03 1.411429194594249569e-05 -1.068054472883747056e-03 2.454450602805776814e-04 4.618244290829941808e-04 1.236368949962192193e-04 4.142781778056872297e-03 -6.622117374479548943e-05 2.980462426902795361e-03 3.270780882389094125e-03 1.553947686768820165e-04 -2.871449589661600857e-06 -6.306323810823382140e-04 5.770667341581471382e-04 9.312017105509579740e-06 -4.744766052920499471e-06 -1.049865979746495472e-05 1.133539574492946084e-04 5.759102666569993314e-05 -1.195224880043205783e-03
1.170717225381766140e-02 -2.917904814364872222e-03 -5.923789226214116500e-03 -5.907693135544531213e-04 -5.665328383203368308e-05 1.971324502440408022e-02 5.122627862354456330e-03 2.641760166714610930e-05 -1.278580462379390152e-02 1.109516760640432038e-02 -2.089165061562531928e-02 -3.610921182886028813e-03 -2.354408165048030906e-03 -5.856202959524327636e-03 1.865325285580111958e-02 2.544663764411617818e-02 4.118756757621387654e-02 -6.051729448051254784e-04 -1.626594153858375563e-03 9.607641118662269344e-03 -5.253325672628343391e-05
3.799407219394244917e-02 -1.283080843384326077e-02 -1.382572079796813395e-02 1.968875294695238403e-03 1.290111250831754816e-04 -2.687743062612946501e-02 -1.609890940401881299e-02 -1.319061406218487512e-03 8.604934647951534288e-03 -2.521550248046552489e-03 2.021046967964909048e-03 2.106141525163863354e-02 2.627051918845999326e-02 -3.949593214281648355e-03 1.305444565437102224e-02 -1.157473887223892887e-03 9.768184330606369606e-03 -1.764533845992880988e-03 -4.437328604974020464e-03 -2.466498663679543568e-02 2.252381346269655685e-05
2.103441357295310257e-03 -1.073452299760112912e-03 4.413295882756206046e-03 -2.565386939235514743e-06 1.514469479264189786e-07 -1.133895762179172611e-04 -1.292950163274691902e-04 -1.442967951725099049e-05 1.003450133682149981e-04 -3.124119705783958394e-05 1.682562371126954413e-05 4.904557150355768561e-04 1.125354323281691198e-04 -7.580176764509041244e-05 2.528115842994557456e-04 -1.432525264327502666e-05 1.644200007872854941e-04 1.036615112714242733e-02 7.786739356557370421e-05 -3.043081792618556182e-04 1.982988330212472148e-04
1.060447635809804411e-02 -2.912673527603680534e-03 -4.731642318431008437e-03 -1.348114048894828970e-04 -1.679199072037381398e-05 6.931905460818676111e-03 1.133719195335181859e-04 4.627398346135429253e-04 -6.103792471494811321e-03 3.669047096303717538e-03 -5.543399511387960693e-03 3.085274761505248878e-04 7.769636313672648740e-04 2.693237331210421304e-03 -8.970619228683397728e-03 1.985240881443552791e-03 -1.673592715459111188e-02 1.247858686686041930e-05 1.931296814028150757e-03 6.507478758900993830e-03 1.644296315663774640e-04
3.795002960649653586e-03 1.263347791183048671e-02 1.300305714713232254e-03 2.550046720609172243e-02 5.498176650756755358e-03 4.292090085083345025e-04 -6.905114654037710937e-05 -8.232748667119073327e-03 -2.108708963845587481e-03 2.891852352397137824e-03 2.853550082851593478e-03 1.073265165488332840e-04 -2.025719895962249968e-06 -2.699716557410120760e-02 -8.037772231875970133e-03 2.276878716852090371e-05 9.721253542932475097e-07 1.355384753482572710e-06 -1.402247134409589876e-05 -6.558636816003053463e-06 9.045452114501435076e-04
9.018127602791284683e-03 -2.287511690655079886e-03 -4.295628135729204905e-03 -3.200877010598152214e-04 -3.055474482085014350e-05 1.070814569893741713e-02 2.132894839369696774e-03 6.765285536182310091e-05 -4.794792083948756778e-03 4.270158686203100011e-03 -6.116759594834477072e-03 -6.305738269683802168e-04 4.495217269142239990e-05 1.566642521653110283e-03 -5.221986335243136712e-03 -3.038269484796856431e-03 -1.397386661257544495e-02 1.466883436023986925e-04 7.687732760759676898e-04 2.631752537656044041e-03 2.439352297791391039e-04
1.819611348632253420e-02 -5.851065481930716600e-03 -7.199589003732503184e-03 6.663128167605299364e-04 4.075673307945885894e-05 -7.164356711828879024e-03 -7.655820847328137155e-03 -3.343010999547995878e-05 2.980571371897375324e-05 7.822314515710717536e-04 -4.334009344894012975e-04 -5.183159145186561024e-04 2.135957590217661163e-03 4.923678683623406924e-03 -1.643071190247788818e-02 -9.227544556840067721e-05 -5.782836628905637169e-03 -3.858338647044022313e-03 8.718705216347344758e-03 5.025219328994887796e-02 -3.638282252803629545e-04
1.058816428863460120e-02 -2.613467253025181930e-03 -5.303510393095330587e-03 -5.255417032454469308e-04 -4.987462158570927915e-05 1.705601915912824049e-02 4.343758546892672288e-03 6.496874883777720633e-05 -1.022186902489677536e-02 8.062594266104802440e-03 -1.512528902093387626e-02 -2.586382064904859616e-03 -1.613737935013799096e-03 -3.614975018750089895e-03 1.150100745810703033e-02 1.284301156238754245e-02 2.246685679518659051e-02 -3.020848673824574069e-04 -1.334473365013516457e-03 5.714552322254908868e-03 6.487804849637053214e-05
7.589190317804932542e-03 -2.536575784445316544e-03 -2.883737297988160121e-03 3.776745490475189732e-04 2.459596323615651783e-05 -5.043424969051904169e-03 -3.680727910396514643e-03 -2.272681505027504870e-04 1.650957295502172200e-03 -6.913162781895673898e-04 9.945392183366582282e-04 -1.989854473796818287e-03 -8.568807105263955004e-03 -1.939981556311220795e-04 6.385502759798052964e-04 -8.305481735702523725e-05 5.638547105585519107e-04 -5.631495017313002628e-04 -1.815720158439063352e-04 2.059882878590298192e-04 -3.401687205681400269e-05
