9.999999999999963363e-01
9.983663353114740069e-01
9.954537512581133063e-01
9.850644615419398287e-01
9.830401591022045471e-01
9.792695107804045840e-01
9.696473381878910613e-01
9.561037474587149587e-01
9.477590409550231687e-01
9.287065682094628460e-01
9.257816816546248218e-01
9.149819929136668861e-01
8.983411718377217747e-01
8.694427183732476028e-01
8.682716000053759542e-01
8.496469932600936303e-01
8.340129439871499795e-01
7.971169760494627443e-01
7.871368850787485716e-01
7.740483403966337272e-01
7.558730173469478952e-01
