1.426164233177770573e-02
6.717310204993780405e-03
5.467805684103725986e-03
1.217777545783901329e-02
1.499894787151961374e-02
5.111386966330258748e-03
3.135505992238718509e-02
2.996527160411259928e-03
6.585182442340913218e-03
1.020564625972403099e-02
2.110781788553168017e-03
8.673127333645438627e-03
7.865679895211266648e-03
4.224825990999000504e-03
6.245891397503929889e-03
8.725325955928052782e-03
1.095600145503659688e-02
1.020238384583137085e-02
1.252032891656866195e-02
3.834967530825733086e-03
3.504648124193571624e-03
5.503692236923023867e-03
2.996445600063944725e-02
2.645246744518736648e-02
1.265735030006052107e-02
3.358655102496888468e-03
8.452098792417499576e-03
1.053107204551720008e-02
1.784132597550253108e-02
3.764825632133473026e-03
7.101459440854882184e-03
1.554213978464806176e-02
3.467130364427944110e-03
7.227062375722422168e-03
8.371354048574081511e-03
1.880210686689187671e-02
1.461642984260484723e-02
1.351781196425046877e-02
4.776173938859102318e-03
6.585998045814079119e-03
2.396487685203159412e-02
2.273902483186334648e-03
3.529931831861712801e-03
4.154684092306739143e-03
1.460419579050735960e-02
1.273646383695760213e-02
4.385499875212669867e-03
1.096741990366091948e-02
1.448511768342514335e-02
5.174188433764027005e-03
5.112202569803422914e-03
5.550181634893474984e-03
9.437347788001823959e-03
4.943372650858097149e-03
1.297869806848785459e-02
5.841352074813675396e-03
7.678091096383126042e-03
9.629014604195792332e-03
3.491516908275604097e-02
2.692551745962355747e-02
6.434295799805234660e-03
1.010777384294413335e-02
6.452239076214882733e-03
5.195394124066337813e-03
8.053268694039406386e-03
2.591172234247843004e-03
7.080253750552572244e-03
1.037202936824986772e-02
1.733320501172022632e-02
1.891384454271560333e-03
1.065749058385790510e-02
3.796634167586940105e-03
2.140714436018354913e-02
9.438163391474987257e-03
3.929577533712970590e-03
9.069510621604033249e-03
1.110362568367961184e-02
2.917413623514174964e-03
1.686015499728404227e-02
1.172837794412463774e-02
4.896883252887644297e-03
8.275928442213680708e-03
4.060074089419503374e-03
4.900145666780307899e-03
8.177240421960614569e-03
2.382948667548605987e-02
1.359529429420122497e-02
3.206952856488044876e-03
9.085822691067347787e-03
4.234613232676991308e-03
1.160603742314976483e-03
1.170717225382232780e-02
3.799407219395704860e-02
2.103441357294676215e-03
1.060447635810212418e-02
3.795002960640608738e-03
9.018127602794585862e-03
1.819611348632967085e-02
1.058816428863880790e-02
7.589190317808050708e-03
