3.762536628782909176e+00 -2.741510263934464398e+00 2.765400388138934851e+00
2.999413924887855742e+00 -8.309693323159488276e-01 1.342489513350174857e+00
-7.329480386811857429e-01 -2.548108377089512100e+00 3.536091485537111723e+00
3.292525203029379455e+00 5.008230252214584954e-01 3.426851325660903669e+00
3.215008216240326178e+00 -2.216744397796459154e+00 1.519359908607608389e+00
2.459283941221630965e+00 -1.232302082001071053e+00 6.830106169801624105e-01
3.558906288321042943e+00 -2.576781665910384156e+00 2.229319914106056011e+00
7.304817071014269025e-01 -1.828613140275618276e+00 1.023906578816845325e+00
2.454829573780404228e+00 -1.507608154492178887e+00 -6.038629433087163711e-01
2.973140954898216393e+00 -1.807691930544296666e+00 9.444496992452231510e-01
3.589811268118310306e+00 -1.420801897763533939e+00 2.806731311778552396e+00
-2.203961635276354691e-01 -2.302657313443827292e+00 3.234067458841580311e+00
3.032718768956592648e+00 -2.075117131373053425e+00 2.531075649299500796e+00
1.372620718519353522e+00 -2.033502142771911103e+00 1.895095808483923783e+00
2.355300218073914653e+00 -2.348065387905677870e+00 1.837133216333163954e+00
1.545251675525960433e+00 -1.236794252810302641e+00 7.388976881429560883e-01
3.250601033662165129e+00 -1.599960808921651712e+00 1.780778477067238796e+00
3.321247925676420465e+00 -2.942480118816830359e+00 1.967127054708843747e+00
2.648184818087091941e+00 -1.466355949968221495e+00 2.232774062042783836e-01
3.545805223584908905e+00 -5.090956420980869979e-01 3.412384151824920941e+00
2.582981342823607473e+00 -1.799215097864602653e+00 1.305726522378759968e+00
-7.628614398899138394e-01 -3.215193283603641650e+00 4.436884068562937600e+00
3.689229206161941388e+00 -2.544473837688363105e+00 2.572064928554176788e+00
3.508749215302683133e+00 -2.429750734205503360e+00 2.044705048468153041e+00
3.157665222197859833e+00 4.816204670458186232e-01 3.084876581342621549e+00
3.349076045162673765e+00 -3.367420836763703740e-01 2.883273856690103276e+00
3.321056910707309573e+00 -2.834916779936428100e+00 3.135126584364056335e+00
2.714930801098498936e+00 -9.985017497498981376e-01 4.057148839446456101e-01
2.976306862469490611e+00 -1.507507974834175091e+00 1.085328409984397391e+00
2.422950156345202721e-01 -2.145851807810555734e+00 1.585375265930182742e+00
2.396492370781654557e+00 -1.277392649540203928e+00 1.375591320001809503e+00
2.553797111911993767e+00 -1.555618593738924194e+00 2.468801462973946315e-02
1.263732840164397020e+00 -1.693487912804726880e+00 1.454204028765289092e-01
2.908681745926183559e+00 -1.796971725508248907e+00 2.143163963614411749e+00
2.969934644049525563e+00 -9.723701807083374726e-01 1.094631908009984222e+00
3.472722696905952589e+00 -2.583528372062230183e+00 2.472999788096365670e+00
3.537645960344057983e+00 -2.183507529970291738e+00 2.156609790413720695e+00
3.198896271747005748e+00 8.241930969600745893e-01 3.372893158785347900e+00
1.373355200472220261e+00 -1.429042566567357175e+00 1.449750353987788287e+00
-6.476820768164088804e-01 -3.292704854564783457e+00 3.970741790825723427e+00
3.604945196929334905e+00 -2.785278176345698409e+00 2.322233243042260753e+00
-7.200775152385081590e-01 -2.611656979050832383e+00 2.736902818359486567e+00
2.511892051137770032e+00 -1.488164197213374784e+00 1.607995929312724837e+00
3.112671427545670166e+00 -2.547245146172290031e+00 2.977783685663010438e+00
3.464494139004416162e+00 -2.629221448969049302e+00 1.876501756028440049e+00
2.762634107422094587e+00 -1.327076438524648516e+00 6.463608039976904696e-01
-3.852559135238728949e-01 -2.451216060297918276e+00 3.014889272167101009e+00
3.311591784554535067e+00 -1.973334744183631972e+00 1.810786266152021984e+00
3.372579769620938528e+00 -2.746469926914431703e+00 1.654885029509688188e+00
2.873420962236871379e+00 7.006972563482498639e-01 3.677728085460973961e+00
3.434053299420810834e+00 -2.001083930566464719e+00 2.614783408310030755e+00
2.666902169345373164e+00 -7.966520780422869930e-01 8.912668691849472413e-01
3.051069782350688264e+00 -1.497155013590013350e+00 1.364512948857426800e+00
8.094938787494752042e-01 -1.861668261516650436e+00 5.756808230934216120e-01
3.289158624305950518e+00 -3.097163097879166216e+00 1.676453688167495182e+00
3.044134908637460946e+00 -2.058981905710243865e+00 1.208677620247878615e+00
3.737875928478534782e+00 -2.156763323034175617e+00 2.774482233245219476e+00
3.131763719455597172e+00 -2.146605915777731077e+00 2.187540920343734374e+00
3.589047194768666404e+00 -2.401016284469950079e+00 2.270695133767186125e+00
3.661092645316513128e+00 -2.750742634706488055e+00 2.539030730628869303e+00
3.341232979852943430e+00 1.660609413885609786e-01 3.280029855598762367e+00
-4.389462576245577452e-01 -2.439729914291778545e+00 3.381696386169464219e+00
2.475786987537687889e+00 -1.586711438416493314e+00 -2.662126868896277365e-01
1.138858539801901548e+00 -2.097459376860487890e+00 2.143955924012866721e+00
3.285085711219762228e+00 7.873045093587613952e-01 3.591191489516071034e+00
3.410036087392129378e+00 -1.063992590765346025e+00 2.380402062385088779e+00
3.118399038863224337e+00 -2.767421938971404760e+00 3.021257535410654782e+00
3.190829420097540670e+00 -1.759807129658610636e+00 1.550835860399727428e+00
2.885475275235864778e+00 -1.528827211890306570e+00 8.246150286893230152e-01
-1.832185137748245651e-01 -3.380185246405887689e+00 3.269067441120246276e+00
2.869128467592975795e+00 -1.288849874752795444e+00 9.168147732996902999e-01
3.180657541501100027e+00 -3.495972855362976528e-01 2.348696523538373437e+00
3.554052457892916461e+00 -2.724323025436683032e+00 2.102500903071286675e+00
2.321924078089317334e+00 -1.580217412237825414e+00 -1.005958310358272545e+00
2.833886908213553824e+00 3.530699902472458351e-01 3.468720675203932569e+00
1.503654606222871948e+00 -1.244051587698543404e+00 9.813571376620704445e-01
3.392925542868428401e+00 -3.204169256261990562e+00 1.871727865161702642e+00
8.024295676013615264e-02 -2.135745646206953285e+00 2.969005000466736988e+00
3.177024801375665675e+00 6.655060331793289929e-01 3.224679325442224354e+00
3.743464949177351730e+00 -2.510274392737191107e+00 2.780836639792738652e+00
3.118236858182076965e+00 2.154742286980992905e-01 2.888847268530946533e+00
3.381836234782655826e+00 -1.704010618996455451e+00 2.078260679704896141e+00
-4.256404511699534154e-01 -2.959255858177631371e+00 3.950166756808483726e+00
3.540379278545578323e+00 -2.187248301810928997e-01 3.587708926613079718e+00
2.399821780136064842e+00 -1.396702725878307572e+00 2.810293041128966163e-01
3.643074359302836296e+00 -2.320503439115781497e+00 2.458417807112485587e+00
2.913043907000581800e+00 -2.288810074615120538e+00 2.368048893331853311e+00
-1.945291660881847129e-01 -2.682105665664659799e+00 3.570096442926998570e+00
2.931292662372229962e+00 -1.171697879055674463e+00 1.208096228492646862e+00
2.618482809902332953e+00 -8.132066488830500539e-01 1.636132042438521728e+00
4.448730670233178586e-01 -2.328560045123018174e+00 2.499762809312617406e+00
2.760726099649813303e+00 -8.374446712636138823e-01 5.885870819449690039e-01
3.654377424120009987e+00 -2.581031637134183931e+00 2.394506659234248769e+00
3.491536834796449718e+00 -7.887689337965830827e-01 2.908226605038228385e+00
3.071630110873565744e+00 -1.705469360591158612e+00 1.219713663889602007e+00
1.264403336687275115e+00 -1.661434821231275505e+00 4.731778544748133086e-01
2.825002529472012913e+00 -1.660809679615609769e+00 5.683347664656850373e-01
3.358315560164831126e+00 -2.339976218593496249e+00 1.735446714325376005e+00
2.623567359229557194e+00 -1.057821733275614573e+00 7.866019686151795032e-01
3.238339107735598077e+00 -2.582352298872382601e+00 2.204431119729802990e+00
