-5.243059502466111965e-01 2.909607071288978108e+00
-3.990913296143606015e+00 1.750745989639145739e+00
-5.740423074159567429e-01 1.918732962345159887e+00
-7.449159076753403275e-01 4.809617297792931012e+00
-3.623866599267587141e+00 3.568820688511703754e+00
-2.956288629116988531e+00 1.618289134377093763e+00
-7.189228934232403390e-01 3.618337443661191255e+00
-4.135331845771110237e-01 1.329701988644918398e+00
-4.065748465408260515e+00 5.011696489400322641e+00
-4.823827469314343475e-01 2.546342175301835820e+00
-3.930371547930057829e+00 9.611714506759376775e-01
-4.496780236045654355e+00 1.501099212108048642e+00
-7.556945451225822730e-01 5.596983421680928217e+00
-4.149482674727442699e+00 3.086632198024921170e+00
-6.506559540735536995e-01 4.034829077604246805e+00
-5.245655118143022655e+00 4.662272199464799094e+00
-5.552558423480670191e-01 3.161970046263903988e+00
-6.044307633108747524e-01 2.168419300043698872e+00
-1.251657915111381136e+00 4.115158205902838873e+00
-1.820044620606954044e+00 1.698947351459617394e+00
-4.369423488893047214e-01 1.635302335577388355e+00
-2.234957499184525354e+00 3.028175697284308576e+00
-3.813303994395690122e+00 3.186105928937073450e+00
-4.816602502114236906e+00 2.433833198452811430e+00
-5.483039153247781794e-01 2.790173962284711706e+00
-3.742308102983002982e+00 1.494173699127753219e+00
-4.153915751791595667e+00 6.047108445629163498e+00
-5.219073664242213084e+00 8.633127670934448439e-01
-3.133584594249756439e+00 1.015959723907932544e+00
-7.497241589584920929e-01 5.089119563464848284e+00
-4.665429463675220489e+00 3.645384175075867539e+00
-2.911850714465572754e+00 3.306476113635610670e+00
-4.764442349099805019e-01 2.283122118516137000e+00
-6.974024802690433900e-01 4.494890577001712018e+00
-5.367204831906289275e-01 1.353714144695798982e+00
-3.505750282060837719e+00 9.557581094125067178e-01
-5.561319145183598600e-01 3.288295335435226896e+00
-4.471495560767176358e-01 1.528662737343669198e+00
-4.371957982476567750e+00 4.141853157159287591e+00
-1.892688463459636816e+00 3.804816370124446845e+00
-2.359180685897252605e+00 1.936457759927445732e+00
-1.193004865409930337e+00 3.257991390623470984e+00
-2.578967482018009960e+00 1.482760312797468893e+00
-4.671617578041604713e-01 2.014870694262542727e+00
-4.216898621544393322e+00 2.228812992787544633e+00
-6.284428376306829822e-01 3.851610081983180223e+00
-3.158513960859592462e+00 2.557950848435773139e+00
-1.052380655021242006e+00 2.065217904698796847e+00
-5.362130726229574762e-01 3.041119319241179397e+00
-5.670698023797648979e+00 1.404557052687480878e+00
-9.027737886420797997e-01 6.427266051740411434e+00
-4.205700259606860447e-01 1.225302019362036754e+00
-2.727394512731682319e+00 9.877588900701379515e-01
-5.684123103980471825e-01 3.550466152764065519e+00
-3.674632728194365594e+00 4.315490534074335471e+00
-5.537580494041590917e+00 3.978530792618999889e+00
-5.812879498246734666e-01 3.694714737090540879e+00
-7.185547871389903474e-01 1.932424731362315296e+00
-1.247582642853498403e+00 3.622425212198613131e+00
-4.744024990294791522e+00 8.379851287594453080e-01
-4.723316404365581755e-01 2.144449574867668851e+00
-5.735730710247575193e-01 1.797820333461507714e+00
-3.186565993497679550e+00 1.926429265808192737e+00
-4.883323254661201318e+00 4.198632804356247306e+00
-4.164060097635272406e+00 1.429154750724709100e+00
-3.442190094357987284e+00 3.147539904180998604e+00
-4.713887445796112630e+00 1.771107466055934943e+00
-5.919535066122596501e-01 2.040279860362704145e+00
-3.304011825031123006e+00 5.075272047578870627e+00
-8.124822911315897622e-01 5.921196856971310041e+00
-5.396158600702637420e-01 1.648064936689055404e+00
-3.983180680470558066e+00 5.760958547147772890e+00
-7.491606671309716248e-01 5.342925892405773425e+00
-4.068882821245189518e+00 3.820350957615995746e+00
-2.503998234768553210e+00 3.916896154266671815e+00
-9.328553024371117885e-01 1.431915970458950360e+00
-1.230485152276732164e+00 2.640519522703313360e+00
-2.191791242641158100e+00 1.125221516507261876e+00
-6.108027817555885530e-01 2.555602641417091370e+00
-4.538453409507550163e+00 3.054541020991850431e+00
-6.580360042193510450e-01 4.242217269722984518e+00
-6.100428297118447585e-01 2.306639018345966186e+00
-4.316463720372347268e+00 8.520133035903405538e-01
-4.233177254177222237e-01 1.431144024294653372e+00
-4.613480558835519330e-01 1.757728617662486670e+00
-4.191264965959852873e+00 3.468711166662060474e+00
-5.735615729028740173e-01 3.419876850669716806e+00
-3.592303949438861554e+00 1.839515762410094180e+00
-6.658144138342336760e-01 2.999483534135598539e+00
-5.026854770952146723e+00 5.465197999209886248e+00
-5.114579646150096970e+00 1.429923932233444717e+00
-3.730020715121546537e+00 2.802245888375465288e+00
-5.090602806690435189e-01 2.677461542917384474e+00
-5.001292192447682750e-01 2.415859803624679447e+00
-4.624708613749143327e-01 1.885198496246678346e+00
-3.275444061401578288e+00 3.845262708239128191e+00
-2.710962527263801825e+00 1.968142825776644012e+00
-3.777065266462052318e+00 2.367175910415933782e+00
-3.350380011469684671e+00 1.594995976638569513e+00
-5.454874265386947307e+00 2.293521398522313959e+00
