3.280148423005566083e-02
2.801484230055658470e-03
3.404452690166975826e-02
7.050092764378477171e-03
2.708719851576993441e-03
2.912801484230056245e-03
6.604823747680888674e-03
2.831168831168829822e-02
4.823747680890537177e-04
2.435992578849721646e-02
2.374768089053802718e-03
5.046382189239331101e-03
7.662337662337661247e-03
2.115027829313543845e-03
1.233766233766234004e-02
5.751391465677180423e-04
3.461966604823747684e-02
2.782931354359926418e-02
2.115027829313542978e-03
2.560296846011131475e-03
2.079777365491651542e-02
1.057513914656772356e-03
2.894248608534323499e-03
9.090909090909091985e-04
3.179962894248607175e-02
4.434137291280147025e-03
5.380333951762522257e-04
9.461966604823749067e-04
2.820037105751391649e-03
7.680890538033393992e-03
1.614100185528757111e-03
1.020408163265306431e-03
2.625231910946196692e-02
7.810760667903521477e-03
9.554730983302407374e-03
2.615955473098329712e-03
3.085343228200371213e-02
3.179962894248608563e-02
1.187384044526901576e-03
1.743970315398886764e-03
2.133580705009276591e-03
2.430426716141001822e-03
8.719851576994437073e-04
2.753246753246752984e-02
1.243042671614100463e-03
1.565862708719852406e-02
9.647495361781079776e-04
1.743970315398886981e-03
3.640074211502784818e-02
1.224489795918367718e-03
9.276437847866419442e-04
1.838589981447124808e-02
2.634508348794062458e-03
2.612244897959184117e-02
1.261595547309833209e-03
7.421150278293136204e-04
2.135435992578850126e-02
1.309833024118738261e-02
4.564007421150277112e-03
1.688311688311688527e-03
2.437847866419294574e-02
2.844155844155843785e-02
2.486085343228200926e-03
1.113172541743970593e-03
3.692022263450834597e-03
2.448979591836735002e-03
1.762523191094619943e-03
3.057513914656771054e-02
5.936920222634507879e-04
3.005565862708719106e-03
2.070500927643784822e-02
8.163265306122448198e-04
8.107606679035249744e-03
1.595547309833024365e-03
7.977736549165123994e-04
1.076066790352504668e-03
1.168831168831169047e-03
1.558441558441558223e-03
1.664192949907235958e-02
1.799628942486085651e-03
1.090909090909091168e-02
2.521335807050092970e-02
2.393320964749535897e-03
3.269016697588125048e-02
2.465677179962894386e-02
1.651205936920223469e-03
2.614100185528757045e-02
3.228200371057513788e-03
1.031539888682745688e-02
4.638218923933209721e-04
2.523191094619665984e-03
2.912801484230054510e-03
3.166975881261595294e-02
2.866419294990723080e-02
2.688311688311688374e-02
1.484230055658627241e-03
1.410018552875696258e-03
1.168831168831169047e-03
3.858998144712428875e-03
3.710575139146567560e-04
