3.280148423005414121e-02 1.114995848772142029e-02 2.171245784871839429e-03 2.512464030717151322e-03 4.509800450135731864e-04 2.972268163074590075e-02 1.445061452628111642e-02 -7.276115526178511886e-03 -6.007357174785533764e-03 3.039219106010879342e-04 -2.754024279356963659e-02 3.096920073046666860e-02 1.429805425103805811e-03 2.301494496153193292e-02 8.537716736277753057e-03 1.605878387071268606e-02 3.172844593329683422e-04 5.085882769163487145e-03 7.616057473090416530e-03 -5.600136164444996165e-03 -4.397661446234749972e-04
2.801484230056583077e-03 -7.755255149831190818e-03 -1.772385099733777029e-03 -3.196588667600652051e-04 -7.503236138168992674e-03 -3.284121057250943224e-03 6.736238986978745555e-03 -1.770157974464424584e-03 3.314569589902990887e-03 -2.894130469996201538e-04 -2.671199771594690034e-05 -2.625125102566387095e-04 -3.400079255050623712e-04 2.440903732385724893e-03 -6.357494704677815224e-03 3.156159644877198260e-04 2.032070978141358407e-04 6.553786978296465351e-03 1.324881604188445560e-03 2.746693700533026257e-03 8.464590976173626876e-04
3.404452690166798884e-02 1.120674573809160579e-02 -5.876219418789171110e-03 -2.200375316731856962e-02 -1.509031981215589119e-03 -2.308761645283374797e-02 -6.591476089735075899e-04 6.816743441969426442e-02 -2.408966530807868974e-04 -7.268490286061985795e-04 2.317402609112529516e-02 5.293925617129604903e-03 7.791434547174023832e-03 -7.179312006559818854e-03 -1.729296979493549595e-03 4.063211569272616452e-02 1.380916445493808120e-03 1.194869077164547981e-02 1.800538504719360194e-02 -1.371295335176581608e-02 -2.724162961506283688e-05
7.050092764378668858e-03 2.119356713194975924e-03 5.207453666824436722e-03 2.144877042851805332e-02 8.911947536398759752e-04 -7.570055110998736257e-03 -5.304866617895776463e-06 1.681599129606231981e-05 -1.635156983279741072e-03 3.807605966687026798e-04 7.049970623977916233e-03 -1.086057707797522670e-02 -1.468342067305841714e-02 1.946907653715856251e-02 9.563304988284844488e-03 9.579587446234006862e-03 4.143325357064505299e-05 2.322681319313820662e-03 -1.358038642081241948e-02 -3.380153674903512741e-03 3.490476103319064410e-02
2.708719851578239406e-03 -8.441622062649749292e-03 6.688762562018163785e-03 -1.379892133925754568e-03 -1.734855395046983398e-03 2.624872984676287872e-03 -8.338657898565183385e-03 9.614369410612320617e-04 -6.191060966842713495e-03 1.109524257697689156e-02 1.039062709974576329e-04 1.019214240225990037e-04 -3.264120663084351336e-05 -9.487966688420686021e-08 6.774211482452840950e-04 -6.555922487242073346e-05 8.539228032173506316e-03 5.177978397217564144e-03 -9.922147845027047552e-03 -8.937337185835541459e-03 -5.986511651730501080e-03
2.912801484230966541e-03 -7.958036031466877644e-03 -2.154792991970240750e-03 -9.526395954574560729e-05 -6.862629337563187770e-03 -2.949669802852594551e-03 6.230152921335875733e-03 -1.532670293015651539e-03 4.390717292973619033e-03 2.244761903903756163e-03 -1.391355523811029372e-04 -1.897775175988610386e-04 5.747008837583615322e-05 2.116230028598170684e-04 -4.455455392544563462e-04 -4.410582182467689960e-04 1.341870139414821266e-03 3.115012213460947171e-03 -8.606226621792679218e-04 1.179504402991255222e-03 3.077129869576897530e-04
6.604823747680951991e-03 6.902199011199793618e-04 2.674565590376385641e-03 4.590493715399992028e-03 -2.946001948035508453e-04 8.678073708042731774e-03 1.242260800155048958e-04 -7.831989268215537809e-04 5.539866742988375746e-03 -1.641452890120999103e-03 8.874985354592504830e-03 -3.015908073745007367e-03 1.527005748172210065e-03 -3.045632504595610027e-03 1.710805438495244105e-04 -4.423841299948399856e-03 -1.775233760223882736e-03 -3.458329303043117080e-03 1.644552557967949918e-03 9.429161541059171564e-03 -4.603521942842439714e-03
2.831168831168668146e-02 1.046207341580228899e-02 -9.003577745645982913e-03 -2.105777572393970412e-02 7.033368728822977575e-03 -3.304601253897662683e-02 -2.763586170388023650e-02 -5.399998478412764563e-02 5.735751852603921362e-03 -6.861647180828244971e-04 3.047217980774614282e-02 3.350545660281539773e-02 -2.209936177147375780e-02 -7.355873907054872804e-03 -1.844679821135851265e-03 -3.064066609357176969e-03 -5.287474773179223677e-04 1.443830520502045495e-04 4.524635829884910950e-04 6.656588802479611799e-04 5.900175334582586154e-03
4.823747680894437053e-04 -2.299299965706114342e-03 3.697810521695427469e-03 -1.390218461425664744e-03 5.155055755262704341e-03 -1.192708280535231553e-03 2.892189401717648600e-03 -2.609917285977279085e-04 7.152434612339159245e-04 -7.000731793775402233e-04 3.786122853359365001e-06 5.761023624953957010e-06 7.920787241355895531e-06 1.753911143392519354e-04 -5.471021553335209424e-04 1.914613975055281159e-04 -1.066766978234189728e-02 2.132831349414636077e-03 -3.235873120242613397e-03 -2.444856325196881168e-03 -2.018991602760581826e-03
2.435992578849593970e-02 8.709391696504226177e-03 -6.858246589258697309e-04 -3.700371306484555659e-03 1.125897712983174072e-03 1.077029060247907191e-02 5.222862659124345372e-03 -6.096350011834389751e-03 -4.016828820497358489e-03 9.914592320974366293e-04 -3.671676560118428134e-02 -6.107444016864642562e-03 -2.799121855617463933e-02 -1.970553089507825952e-03 3.021374095675933116e-05 -6.365812356064004009e-03 -5.702321196421299143e-04 9.200985954570922373e-03 3.000974725867438381e-02 -3.042091276136528466e-02 1.451791187022971347e-03
2.374768089054456275e-03 -7.814515975003733309e-03 -1.160426736590258225e-02 3.022317705259967239e-03 6.646839959683415074e-03 1.506667185826409761e-03 -1.220806792845780409e-03 8.023344346694367621e-04 -7.049279249118598238e-04 1.162603199290308874e-04 -3.103666982395185208e-04 -3.725954000788860151e-04 1.406151138933315280e-04 3.102935859092295591e-04 -1.785516924296241893e-05 -7.464443377211618788e-04 -5.026537327883527162e-04 5.932206696496061544e-04 2.011919931531391988e-03 2.894622784713991393e-04 1.490915625293112202e-03
5.046382189240964343e-03 -1.444465733939656604e-02 -2.963034356669540063e-03 -5.694254750578540882e-04 -1.444488924534842629e-02 -6.251716797533580887e-03 1.337552653208747867e-02 -4.154749482469118592e-03 7.236782131616349527e-03 2.770520527257187404e-03 -2.852356270090495552e-04 -4.454760114826267410e-04 -1.000284858265577687e-03 4.599443246165521929e-03 -1.210817918217771925e-02 -1.965650805254875576e-03 2.694073639795148672e-03 2.757040840936473766e-02 2.823081481763283201e-03 1.677151057733803144e-02 4.194509383635485161e-04
7.662337662338258859e-03 2.251273337023062485e-03 8.689311366326064878e-03 3.855348532966838132e-02 1.719382431747986740e-03 -2.648420777323569689e-02 -4.675024250055148309e-03 3.237142428615269289e-03 -3.480600847824638546e-03 4.363282998774890386e-04 -1.663214651144812734e-02 1.721308417630483881e-02 1.860938021885130689e-02 -2.214641563024057069e-02 -1.069328612966229455e-02 -9.759117479395595582e-03 -5.510773892533630316e-05 -1.793131851789299359e-03 1.176241365223578902e-02 2.430413473946032351e-03 -3.056094809177474503e-02
2.115027829314426819e-03 -6.205776087861530205e-03 3.532678793490083135e-03 -8.391288476112448297e-04 -3.504229777175208067e-03 1.441354326655024803e-03 -4.677905137151485045e-03 6.704154491814353712e-05 -7.964018826276808918e-03 -6.306399399331564203e-03 6.767802188637970758e-04 -1.295500652821511361e-04 1.480425737827788723e-03 -7.120982562880748615e-03 1.663628250943274475e-02 -2.158944112459270509e-03 -5.747122058445007856e-03 -5.129729144364490821e-04 8.065811274369359685e-03 6.871454477620945328e-03 5.083916823302765328e-03
1.233766233766219432e-02 3.699867213116432834e-03 4.784499540813718678e-03 1.553798136733852003e-02 5.245370929815274755e-04 1.023692715514388021e-02 5.451976087243403345e-03 -3.506577222092860900e-03 -5.620924724984245396e-04 6.511536473130369578e-04 2.852604738591314401e-02 -2.671918149819859159e-02 -1.773599358685061522e-02 8.585135562656213970e-03 3.076952606378269631e-03 -1.095711937491133632e-03 -4.073154005232277556e-04 -3.743403724976058968e-03 1.445728462540312592e-02 6.195062375555452500e-03 -4.274363942972121688e-02
5.751391465681610473e-04 -2.453016719574639161e-03 3.533600912006885832e-03 -1.218832001811596217e-03 4.053766034103643834e-03 -6.518982475991388220e-04 1.401159320662979371e-03 -7.256150119599476646e-05 4.227241305101692409e-05 1.385870526062383959e-03 -4.099505300001892745e-06 3.792038789107742870e-05 -5.780600542727409695e-05 7.558549338384850866e-04 -2.163200378941945636e-03 3.998811052427896236e-04 -1.040351577276800790e-02 2.233917218739338143e-04 -1.051146129567469582e-03 -7.579598530416985832e-04 9.054655848255242355e-05
3.461966604823596416e-02 1.158925190254330752e-02 4.003611683400898173e-03 8.647900095145879054e-03 2.813314854618525281e-04 3.966870582401899742e-02 1.970396967379241249e-02 -9.623163712616273832e-03 -5.712229174443950695e-03 2.140203055006049439e-03 -7.037983546655832839e-03 4.005283577898598180e-02 2.517109608034438437e-02 2.657612699595374162e-02 1.228236798935495450e-02 3.139011116164760334e-02 8.032710655314081408e-04 -7.570272015559063004e-03 -1.977253115951771792e-02 2.884587328614199309e-02 -9.202953190100926148e-03
2.782931354359792844e-02 8.872941720746273936e-03 -4.056964096195156584e-03 -1.610785447076418242e-02 -1.562402343881815880e-03 -1.416947524745851804e-02 1.727976195677755891e-03 5.332617921197971983e-02 -8.909776187113392599e-04 -4.625220232255544965e-04 1.409824754808901293e-02 1.636323603327585058e-02 -1.849130325143454393e-02 4.342539219777850727e-03 -2.443520742971419871e-03 -6.324442594028917286e-02 -1.443233682767921936e-05 -1.289843027048640650e-02 -3.280219519468893091e-02 2.388144846631252982e-02 7.028210316627460374e-03
2.115027829314120207e-03 -2.895014308749759707e-03 3.450488012257069744e-03 1.958697379729208276e-03 -6.629660087054418255e-04 4.615021753288609842e-03 -9.259617922489058600e-03 2.235490553734607345e-03 1.721351716371586835e-02 -4.948940615698808540e-03 -1.810038188322682894e-03 5.365988035666037752e-04 3.778969084947407015e-05 -4.068223785815500089e-05 1.853589689398996978e-03 4.583616506855256001e-04 7.992641960410606060e-04 2.835988771978931091e-03 -6.624544175161847272e-03 -3.995026638330290147e-03 3.298779051930751855e-04
2.560296846011868299e-03 -6.239708493742118431e-03 -7.748388059498513688e-04 -1.660080799024133671e-04 -5.127114257690941826e-03 -1.294458865088140946e-03 3.595714682122037528e-03 -1.178316787884121225e-03 8.606190001890698642e-04 1.781699955780249520e-03 2.681874263193132109e-04 6.801623629461594524e-04 1.663393079452433988e-03 -4.677956148334566459e-03 1.282847150421972428e-02 7.010782168780466074e-04 -1.624224151147370078e-03 -1.714184287324786726e-02 -1.535593281161978275e-03 -7.148740850745135579e-03 -5.930134934465760080e-04
2.079777365491526642e-02 8.018741255612867047e-03 -4.264363284869784193e-03 -1.303424155661953368e-02 2.865658855369733471e-03 -1.523531403686795987e-02 -1.123505574432581700e-02 -1.696090370230427663e-02 1.543938350315355841e-03 1.669792986049740144e-04 -7.123417020548007683e-03 -2.607018042576658354e-02 3.052173255124956616e-02 1.253438756024442650e-02 2.654198913468194723e-03 -4.064553442258420253e-03 1.906272772238196546e-04 -1.435204602950320135e-03 -4.695947930404332366e-03 2.958731434400689933e-03 -1.922428773866089379e-03
1.057513914657181317e-03 -2.347231263837614920e-03 1.722224242152639584e-03 -9.283614723386898054e-05 -1.034868660533863486e-03 1.103128083109925503e-03 -2.338653007467548714e-03 2.003108687986094553e-04 -1.420380183334797597e-03 -2.892456884943590584e-04 6.139120466452792054e-04 -4.521821184856711189e-04 1.996084618035804466e-04 -2.007133893100295028e-03 4.097979927495257538e-03 -1.150408671168903123e-03 -1.440134031035385665e-03 2.701795258715394051e-03 3.826095809647041528e-03 5.010176068943181758e-03 9.353626328759110948e-04
2.894248608535450202e-03 -8.671088544134232870e-03 5.622861943162060436e-03 -1.263934648667122814e-03 -5.219783020079467144e-03 2.615291096918533151e-03 -8.734422999652088904e-03 3.307151094154657631e-04 -1.447669250178399217e-02 -2.145014576912693954e-02 3.973039596347564795e-04 -3.020715747285177086e-04 1.566344270888259257e-04 6.382475139862965477e-04 -1.962574101094411837e-03 7.112061444055537383e-04 -8.783536124788161566e-04 -2.482601988182847694e-03 1.994448997371620091e-04 3.191008604819886183e-04 2.456331116542327729e-04
9.090909090912096310e-04 -2.207006183895881234e-03 5.144761396757828605e-05 -2.511524174015695087e-04 -1.941200492742534405e-03 -5.938604947713382485e-04 8.940327795678770567e-04 -1.097926842823714294e-04 -2.617231821273175688e-04 -6.139280248867074082e-04 7.998511873063375100e-05 -1.917312607447852174e-05 -2.845359543971173454e-05 -9.602591811016004952e-04 1.929033953053975936e-03 -1.968064100903007467e-04 -2.198948837573669757e-03 1.392814336582875534e-03 3.258391260888713215e-03 1.385266463752958142e-03 2.177072506058587778e-03
3.179962894248462152e-02 1.074866334088351791e-02 1.352766644596270062e-03 2.861310636919051726e-04 3.372363091829768907e-04 2.362428929413595141e-02 1.226993475851788709e-02 -3.070050787001893291e-03 -5.133509161235659014e-03 1.098303374936757549e-03 -2.857740989703267537e-02 2.322924824431268562e-02 -1.322535815841084476e-02 1.959588295918823775e-02 6.809952610079086401e-03 -9.931880665669981512e-03 -7.687262368951433252e-05 6.204377738363855803e-03 1.823040095380481368e-02 -1.791890674563430264e-02 -3.030066990359653323e-03
4.434137291281559957e-03 -1.223173368987239343e-02 -2.184336391780745696e-03 -5.982924698200235399e-04 -1.158652221755441386e-02 -4.728899892305921809e-03 9.558555085645807983e-03 -2.648758787319092922e-03 4.262348225119725817e-03 6.806972552263895748e-04 -4.847360497703178333e-05 -1.026846355381763067e-04 -4.012119078679842995e-04 5.796552964234054535e-04 -1.751945349296614614e-03 -6.118387011661072369e-04 -5.669266212855705292e-05 8.772160883477606377e-04 -2.152441855675008876e-04 -1.080950710068880657e-03 3.616120505818908146e-04
5.380333951766949055e-04 -2.713009989825484764e-03 4.600283277563958946e-03 -1.786451698469015362e-03 6.925464525353577580e-03 -1.773443074222309920e-03 4.423386223767149412e-03 -4.339518975928700049e-04 1.344568344563496420e-03 -2.676644211704876444e-03 1.184524374405038403e-05 -4.011443166921577615e-05 6.032299460184514762e-05 -4.897433501721592305e-04 1.320671348757618746e-03 -1.514262711679746816e-04 -4.212976073766654464e-03 2.786124145311678988e-03 -2.589983565143642516e-03 -1.761386893946662339e-03 -2.294930133312936358e-03
9.461966604826633044e-04 -3.257242443982768555e-03 -4.906072897293918024e-03 1.306697159542151085e-03 2.900939346603874022e-03 6.974578750629430732e-04 -5.894195604687858456e-04 4.642886593840002928e-04 -3.358923910877196248e-04 -2.885537245098867010e-06 -1.026535201298586655e-04 -2.073252992850641366e-04 2.357753111390920823e-04 1.360893393609098070e-04 2.277696873630786806e-04 -5.160128835126617320e-04 -5.238333057656176022e-04 5.772011805737067630e-04 1.615614611710863629e-03 3.649614452990163202e-04 1.611160095296556823e-03
2.820037105752217811e-03 -9.647601296254913403e-03 -1.557051326765501904e-02 4.290934623069348440e-03 1.035435559777172013e-02 2.770704741921801474e-03 -3.192791275195079777e-03 1.477680056386409960e-03 -1.166434371999192782e-03 -4.780842693516942541e-04 -3.083785301295961399e-04 -2.838029095450077689e-04 3.052016588732167895e-04 8.109029856191868888e-05 2.099064280566636750e-04 -3.941650801862905956e-05 2.640050160170393564e-04 -1.516332937980899992e-03 -1.810614594705507382e-03 -1.248352024416203533e-03 -9.711569493653064581e-04
7.680890538033740070e-03 2.298449541247336598e-03 6.991884291511100274e-03 2.978732971398792215e-02 1.289772292563318200e-03 -1.552793998508497815e-02 -1.886785950779088471e-03 1.299341089898803977e-03 -2.466215790575965270e-03 4.081894980294537684e-04 -1.898287061489547253e-05 -3.858713789719905949e-03 -8.650126666340476889e-03 1.369049569170182994e-02 6.515360377721968708e-03 6.675174593620595252e-03 -4.760309728518890887e-05 9.774482814475702296e-04 -8.160689446115839199e-03 -1.150308734267150830e-03 2.487516370434238178e-02
1.614100185529512800e-03 -5.003922227545723640e-03 4.475263027167771662e-03 -9.004447398701250459e-04 -3.799845570506541251e-04 1.864741288783726154e-03 -5.693930603412231464e-03 8.564432603918506861e-04 -3.000092953681948293e-03 8.908491022144334262e-03 -8.732791003164587789e-05 2.092197169118032688e-04 -1.130627756493184246e-04 3.416847290565015066e-04 -3.954565015306805683e-04 -1.575648251766214073e-04 5.048235216558503644e-03 3.625912526536311420e-04 9.131681697858725450e-04 1.474052079544126712e-03 -2.412896140083896509e-04
1.020408163265804514e-03 -3.163095348973845363e-03 2.820553659939886108e-03 -4.950548451222399650e-04 -3.132227791361050164e-04 1.195974171621865629e-03 -3.671171840914264420e-03 4.939228256380825792e-04 -2.263084586142433477e-03 3.642842859898815649e-03 3.912367411320821840e-05 -1.851878051047226096e-05 -3.738792322006973527e-05 -4.388751115291128512e-04 1.833207717996141817e-03 -2.316390742435397109e-04 3.008566134043805197e-04 5.643347869898108354e-03 -5.020730111338093417e-03 -3.598892542347317466e-03 -3.110923136139347872e-03
2.625231910946055833e-02 9.461727943565423349e-03 -1.422309962228566213e-03 -7.054086552063758633e-03 1.211893107317615426e-03 5.124150307498001079e-03 1.990160613021091287e-03 -5.990744327836093445e-03 -3.651272106932737516e-03 2.549654240846146026e-04 -3.967660590682583338e-02 -1.833868360583561230e-02 -3.373342439628129741e-02 -1.663207688768145176e-02 -5.114077978197539322e-03 -9.618724969939655006e-03 -8.220784639118316507e-04 5.253933486957230309e-03 1.936163222558550528e-02 -2.088681669769865829e-02 6.176106161021623769e-03
7.810760667903524947e-03 2.325397317325283986e-03 4.247840934840142919e-03 1.581643185352234540e-02 5.895544143966058434e-04 5.524732006435198592e-04 2.258681460952322549e-03 -1.484886193070739015e-03 -1.638154676733769239e-03 5.776033634120252913e-04 1.616293719050674454e-02 -1.837010221741136942e-02 -1.822327283789889132e-02 1.846323186228382082e-02 8.940872523746472289e-03 7.048999352855673736e-03 1.789535925396341725e-04 1.380726859476387718e-03 -4.409935304689685184e-03 -1.530314529938095426e-03 7.469697802532462329e-03
9.554730983301897365e-03 3.566537086510781010e-03 -2.812205661012188475e-03 -7.249930796490888785e-03 1.992436197260584376e-03 -1.135725826049654129e-02 -8.817116523385123278e-03 -1.524695865115277896e-02 1.988627283613623228e-03 -3.247208080297868198e-04 1.259097774137560473e-02 1.355627139566311853e-02 -3.248650837911727044e-03 4.668363538483250204e-03 1.153714050532925195e-03 -5.254035411008489177e-03 -3.050425557623138799e-04 1.159129445549679028e-03 6.536766264392143005e-03 -6.176108973696192717e-03 -3.250773944487313867e-04
2.615955473099038781e-03 -8.858529904116785314e-03 -1.456412753265893395e-02 3.882507546052849090e-03 9.699908013460920020e-03 2.363871991331801831e-03 -2.881953554323025881e-03 1.110974563783294171e-03 -1.513082052234474137e-03 -2.623591785449669919e-04 -6.296512734174022506e-05 -1.557462422869781689e-04 9.499875851391338254e-05 5.045908099471775425e-04 -7.363318886022331448e-04 -8.614519336469982037e-04 1.528879070336154405e-04 1.844955309302105531e-03 4.568617579223563071e-04 6.300635896373836661e-04 6.847581060308671839e-04
3.085343228200247701e-02 9.905829915065309660e-03 4.514756082841700491e-03 1.009070573026148339e-02 1.837097570141486586e-04 3.662430559533769864e-02 1.752011229563546491e-02 -8.614381113958657563e-03 -3.876720939272737879e-03 2.064001073600559878e-03 8.722286897414159579e-03 2.203624920076879129e-02 2.580015739279322914e-02 -4.709777475198925409e-03 -1.417004167668609168e-03 7.256185383600618349e-03 -5.652362984545393964e-04 -3.604642995792865616e-03 -1.277621932306616075e-02 1.084264704136129673e-02 1.020764763515808263e-02
3.179962894248414274e-02 1.261272528247050009e-02 -7.367107936360370660e-03 -2.251164554268216336e-02 5.039987234240540272e-03 -3.053859078768984478e-02 -2.233858731062546635e-02 -3.285971709272274277e-02 3.948283485461647792e-03 -1.708094296453557348e-04 6.056388590570015856e-03 -2.673023636704520770e-02 6.243317776874397068e-02 4.581146314732545410e-02 9.543393224780019959e-03 -3.267252330092282331e-02 -2.997370799319332580e-04 1.530572634318967586e-03 1.197827356148122371e-02 -1.559007274685457814e-02 5.530321341535087906e-04
1.187384044527561855e-03 -3.922696767421268715e-03 3.812692634278768734e-03 -8.485224028260107123e-04 5.851934386679771795e-04 1.217766374019693589e-03 -3.822174849935558796e-03 5.813244116299411037e-04 -1.915094432673155114e-03 7.894497236122082276e-03 -9.514433924502774937e-05 1.060547550178518665e-04 -2.965960419792684679e-04 2.021671138561360794e-03 -5.591892277750022851e-03 6.840241410022327665e-04 3.138375953240359149e-03 -2.400147717242348891e-03 -6.562188666304129107e-04 -1.572325561204873656e-03 2.380252620579491243e-04
1.743970315399525793e-03 -3.337606418619304925e-03 3.743329120389611141e-03 7.083160170849525520e-04 -7.292763186831032103e-05 3.603673665562154380e-03 -7.429164401879516030e-03 1.640934556237135487e-03 1.000239506429652023e-02 2.032559615857705733e-03 -6.861160240727004998e-04 -1.624642257980194100e-04 -6.381274703083622936e-04 1.726805175503899267e-03 -4.752023012829891847e-03 5.505588268526244921e-04 -2.516469672545634546e-03 -8.063790071188259648e-03 1.171519406005082191e-02 8.899079066394857337e-03 4.009595605425635319e-03
2.133580705009924944e-03 -5.580037132621881724e-03 -1.254735536505853077e-03 -2.794975575510277779e-04 -5.613417351223596100e-03 -2.520403152718217465e-03 5.294792896588973626e-03 -1.327027463971012806e-03 2.911182677884760484e-03 1.679736404675867502e-03 5.478475672259122784e-05 -1.853643062756897152e-04 2.241377182385566140e-04 -1.294522072645931362e-03 3.199000934582271836e-03 7.301234626287447229e-04 -8.963307701697389432e-04 -8.187269736904275938e-03 -9.627064074855434849e-04 -4.765056086782091214e-03 -1.070932502053360824e-03
2.430426716141495351e-03 -2.489163830477325763e-03 2.330232533432576546e-03 2.275853962236238596e-03 -6.590799387380991050e-04 3.813917979074706727e-03 -6.890540841426411739e-03 1.736332802782234288e-03 1.507075345381056475e-02 -4.759917165095660027e-03 -1.763686538158047625e-03 7.932195905074718688e-04 5.602862689024737559e-04 -2.554785333085163356e-04 1.193848464544148332e-03 6.223175132172660464e-04 -3.528753863697200706e-04 1.414915028187533133e-03 -5.008919997235964511e-03 -2.211957198873848451e-03 1.492384745967821396e-03
8.719851576997676669e-04 -2.598622782761110788e-03 -1.625355147827702105e-03 2.751820423819143391e-04 -9.399151449391488335e-04 -4.990516720323548167e-04 1.345727482174712605e-03 -3.175190500200516792e-04 5.560874123315187861e-04 1.382538698917169741e-04 -4.538478037765474022e-05 -8.153938599382016519e-05 1.645151152082154782e-04 -2.084398162302375751e-04 1.016312555752308657e-03 -5.401555657074114244e-04 -1.354111019478758523e-03 7.625205367110062969e-04 2.622013716118116924e-03 1.190094111065489535e-03 2.105555939750831246e-03
2.753246753246605533e-02 1.005840652338155575e-02 -3.211615195085493896e-03 -1.203971528077985194e-02 1.657475914619164310e-03 -5.633705054100398776e-03 -3.730288430489742384e-03 -6.884550694290599536e-03 -1.002686210647940959e-03 1.055664818596211644e-03 -3.748392549745150487e-02 -4.501409063599924598e-02 -1.109141635818490512e-02 -3.506467918575965903e-02 -7.311749653789625936e-03 1.565573686809972748e-02 -3.931554648931977355e-04 -1.447389979818727856e-02 -3.890534273029744999e-02 4.122149127711023653e-02 -7.117457868612629517e-04
1.243042671614564502e-03 -3.401399002622673608e-03 1.086489198494540464e-04 -3.263657570768643715e-04 -3.375151388986831740e-03 -1.021441210387481627e-03 1.785865106262571854e-03 -7.409633544317120344e-04 -2.810021558226558623e-04 -2.545586569013086938e-03 -2.104843334982624118e-04 -2.317296993230380259e-04 -7.177880537585052626e-04 2.625691100514413508e-03 -7.723883517659106517e-03 8.271085491119772523e-04 1.522904351271048978e-03 2.888189471970258222e-03 -3.283787942409491516e-04 -4.857796709404218040e-04 -4.985600228578739024e-04
1.565862708719821528e-02 4.369776621891081729e-03 5.304282056204910958e-03 1.500398052461980949e-02 2.864123799849768552e-04 1.799236760681246008e-02 7.288130769046071919e-03 -4.821009989607237534e-03 1.501637343305514335e-03 9.866614956156477296e-05 3.274625403908638932e-02 -2.072861160488766175e-02 -2.390997564341797751e-04 -1.343399056683248528e-02 -7.379765008358054636e-03 -8.428904185103105670e-03 3.375798481421488128e-04 -4.073855867518946469e-04 5.197941602353072996e-03 -3.945970562995945903e-03 -9.233361339075254678e-03
9.647495361784156741e-04 -2.583194940140697091e-03 3.392514984054874490e-04 -2.122349826438272571e-04 -2.219530630596198897e-03 -4.422564969383157760e-04 8.869181478757832277e-04 -4.849324499710858214e-04 -2.915292974125624124e-04 -9.072259046288564722e-05 1.717928829284776085e-05 4.371820147890803095e-05 1.703584980271291506e-04 -6.287795592705212704e-04 1.570057872915221579e-03 -4.706686797926007242e-04 -1.539074352539392294e-04 2.076978217347353380e-03 -4.885496050973540732e-04 2.049959625710731127e-04 -1.572332382656854515e-05
1.743970315398899991e-03 -2.069312044010951043e-04 -2.387749810792721310e-04 -7.923371898480083535e-04 -7.337522022936969349e-04 -8.641990529625945532e-04 3.659885382171585376e-04 1.992402818341654745e-03 8.809602969556123032e-04 -2.160204450631871595e-05 3.568066116859421174e-04 4.412505257356978065e-05 7.752991795155249680e-04 3.494899674746590077e-05 6.426812427662887154e-04 9.175179677733642314e-04 -1.199629131843648239e-04 -1.110496761020329098e-03 -1.663434442597216349e-03 1.240618010537253334e-03 -5.047162457142476653e-04
3.640074211502620366e-02 1.250290050744810345e-02 3.437789976690703263e-03 6.746295131614632630e-03 6.102353988008997346e-04 4.052280300561722504e-02 2.014264631365415836e-02 -1.013570410892347326e-02 -6.893631855591816036e-03 2.747152520892633815e-03 -1.936668634437820058e-02 5.250750338158532982e-02 2.658348984730912745e-02 4.332002101546438000e-02 1.848581595931066135e-02 4.592518494299634851e-02 1.741647829165733716e-03 -2.418772682851910022e-03 -2.030774706926819287e-02 3.521265515725542639e-02 -1.393214261221082002e-02
1.224489795918770390e-03 -3.559357880007498268e-03 -8.040405032032888312e-04 -1.276804347007140614e-04 -3.536180123657737574e-03 -1.555994008498465600e-03 3.286185060948187096e-03 -1.004395918429260319e-03 1.681536567319884832e-03 1.205307524576925489e-04 -8.383172365205340511e-05 -1.700617912388576066e-04 -2.568058434000595135e-04 1.618247749162953853e-03 -4.198831090466852850e-03 -3.282471281062111215e-04 6.991552845017793638e-04 7.226959836495406610e-03 4.715721094942619280e-04 3.926189219941789675e-03 1.752318483273136187e-04
9.276437847867107910e-04 2.931157227547093137e-04 9.238010695376244925e-04 4.073185127455900001e-03 1.833784935364898795e-04 -2.443470491061678837e-03 -2.997155867786498520e-04 2.281314922158133435e-04 -4.749537325231799898e-04 1.133275335581121425e-04 -6.300881295930381258e-04 3.318524464224030524e-04 7.271735925811723491e-05 1.509324672892123950e-04 5.814422236281996110e-05 2.013494817956171278e-04 1.462616493011384576e-05 5.299220463867764994e-05 -4.437951834075224886e-04 -1.032659455253082310e-04 1.295840992472782269e-03
1.838589981447025581e-02 6.494974897223568591e-03 -6.670956901013950537e-03 -1.406003826818331449e-02 5.278834462401783140e-03 -2.344959965820659839e-02 -1.997677768596449466e-02 -3.930769936209510540e-02 4.332408581458540436e-03 -7.257354879874046384e-04 3.144290261612715104e-02 4.826543165818809877e-02 -5.459089631025301759e-02 -3.664508869197306840e-02 -7.703993771175877622e-03 3.262044731487463711e-02 9.119376541902459539e-04 1.127699831375880918e-03 -7.772533611963461549e-03 9.874321927880364697e-03 -4.754794437977762252e-03
2.634508348794755914e-03 -8.635901598367658888e-03 -1.466266713266092987e-02 3.870849763914810740e-03 1.011123876909907418e-02 2.453526957999867079e-03 -3.273560992066074267e-03 1.250971481551968467e-03 -1.714371435432888438e-03 -3.581640321959779342e-04 1.151401400539661581e-04 2.012922768727957101e-04 -2.178499687618623635e-04 -4.553756366691840579e-04 -2.312035658487728419e-04 2.129065529772515217e-03 7.096104888421354492e-04 -1.466370347796036588e-03 -2.563208440073403913e-03 -6.796285963150028482e-04 -3.201852115763826299e-03
2.612244897959080728e-02 8.673191806923287103e-03 5.149400614320424549e-03 1.325882140310127161e-02 4.521031346410811936e-04 3.488924427845060960e-02 1.614441467118122794e-02 -9.511700212711958827e-03 -2.200702387384665705e-03 1.263652451373468641e-03 3.243938789308936643e-02 -5.121492996663256324e-03 2.902159051141568399e-02 -5.102357115994805153e-02 -2.682049228750747749e-02 -1.841450110086146827e-02 2.049937389375441118e-03 7.188166164727850457e-03 1.499352634304093461e-05 -2.171696363860727355e-02 2.971106870307719042e-02
1.261595547310559191e-03 -4.641819306215765571e-03 5.195340979918696214e-03 -1.523953415406119859e-03 3.019678435933942622e-03 3.824905035538644915e-04 -1.850706792166630392e-03 3.286531333943671523e-04 -2.420890474208891967e-03 7.162389889370977814e-03 -9.449262582451952534e-06 1.439877864182329860e-04 -2.174289177442855208e-04 2.224357138156658146e-03 -6.072101136453776984e-03 9.408280367404416337e-04 -2.157419194298551036e-03 -4.656299040989326544e-03 -7.610262789712160698e-04 -1.857417617892371696e-03 1.189454036067946752e-03
7.421150278297393866e-04 -2.426678366023071048e-03 2.574561985692147646e-03 -6.082214727221674439e-04 9.069479530289664693e-04 6.693440209997685410e-04 -1.995411518559937498e-03 3.410842519739275790e-04 -1.009819372151093053e-03 4.509624795088113675e-03 1.160969983761348239e-05 7.586388556028036772e-05 -2.699803056318557615e-05 3.004079695756060398e-04 -1.005447624966233303e-03 6.912683583432316977e-05 -7.002220872351793204e-03 1.433478664721930351e-04 2.417507215129531973e-03 2.477128896814731734e-03 1.060553251996895242e-03
2.135435992578772063e-02 6.881989911238147253e-03 4.882188609563733669e-03 1.331730242105621555e-02 4.283578877470532557e-04 2.659086737990315474e-02 1.234179818008078987e-02 -7.598327348514941071e-03 -1.862753649844022105e-03 8.445422449694349205e-04 3.190440195987211125e-02 -1.223770944543546742e-02 1.890129995967550908e-02 -3.820469802044535595e-02 -1.864546539016214907e-02 -1.281356476262616485e-02 1.253595716679607513e-03 5.862694605720861381e-03 -4.585508529806723741e-04 -1.748890046524302286e-02 2.511354382357031470e-02
1.309833024118703566e-02 1.841294699871156952e-03 -2.668505850433203729e-03 -8.548223135928009059e-03 -2.978716704313990986e-03 -1.039716420999546240e-02 1.942336900149702408e-03 2.807416123634324731e-02 1.095296309288474983e-03 2.048363464871032658e-04 1.166840247284111481e-02 4.352646054664907095e-03 2.691711201079351364e-03 -5.985207621100462061e-03 1.864398167152908452e-03 2.624235303157375354e-02 -2.325095489134132616e-03 -9.536050970126062291e-04 1.770154560632036800e-02 -1.448799020918350305e-02 8.898442709257749217e-03
4.564007421151446316e-03 -6.080409699227238771e-03 7.695673270064017253e-03 4.557740336726034437e-03 -1.468798893070474886e-03 1.024188157150166673e-02 -2.082255756228669138e-02 5.018785198625973741e-03 3.828527910760482628e-02 -1.356859741873019803e-02 -3.546267076611418247e-03 5.382422930283955759e-04 -5.539743139169980195e-04 -4.153922879499750043e-04 1.597750127724415457e-03 -7.765426761006137470e-05 -8.931565807490032610e-05 2.357479864865254064e-03 2.418215245257802600e-04 -4.597227459642424553e-03 -3.355999344771060794e-03
1.688311688312201355e-03 -5.907456098718975000e-03 -8.683927912358165718e-03 2.319981311082777633e-03 4.956040264869172700e-03 1.172138882186850566e-03 -8.764810847742575189e-04 6.415517831990345679e-04 -4.848172590472655890e-04 4.515055587303316354e-05 -2.257424183529962828e-04 -3.769646516804848893e-04 2.552813708077230118e-04 7.379606768878173512e-04 -1.115294022091013445e-03 -8.805056581616111083e-04 1.802285625667517511e-04 3.586397585688578214e-03 9.515131165706966401e-04 1.964515183486423115e-03 8.938084949928663077e-04
2.437847866419162041e-02 9.023078469848162461e-03 -2.231596502661522836e-03 -8.544517354515583293e-03 1.601794790146788628e-03 -3.762541067458454727e-04 -9.210364883428616683e-04 -5.338059007302713155e-03 -2.033584513867071029e-03 8.708217652353785658e-04 -3.428673526356922768e-02 -2.836277429721813237e-02 -2.092774724127529837e-02 -2.337736799663469103e-02 -5.289150870529289554e-03 2.289954432229111738e-03 -3.760783584364221039e-04 -3.090464049105126013e-03 -8.760960536786962030e-03 8.121397548385343029e-03 3.710242194658043471e-03
2.844155844155698068e-02 9.134387926312990610e-03 -5.180537138174395352e-03 -1.856311733613833295e-02 -1.104355383823046920e-03 -2.035950989010849171e-02 -1.879449824740939004e-03 5.029806143484973763e-02 2.280325014015316507e-04 -4.710500541932941508e-04 1.703697467169373869e-02 -2.218607349320303630e-03 1.463307824035055618e-02 -3.794239901050353719e-03 3.056225858357578028e-04 4.899107410068887641e-02 1.572415166531999529e-03 1.336564064544660917e-02 2.123667142737932848e-02 -1.539497405106515088e-02 -7.627795157164836415e-03
2.486085343228998032e-03 -6.916321314987585941e-03 -4.192166226329561312e-04 -4.901665498132321561e-04 -6.858253604202470960e-03 -2.584019556857713919e-03 5.115806215693346516e-03 -1.557468221778602431e-03 2.417431812730821278e-03 1.632136066386872739e-03 3.862226586108127543e-05 -2.397904666090955048e-05 3.130139525692166003e-04 -1.424717221492512089e-03 3.788270249627499926e-03 6.762808628092137472e-04 -4.033602110292775086e-04 -7.040207575361654736e-03 -2.004056137615540210e-03 -5.489765402589405138e-03 -1.669957628229803807e-03
1.113172541744576879e-03 -3.979559620126277286e-03 4.481551618828391592e-03 -1.207880236916664390e-03 2.324021134165087793e-03 6.784499186176645973e-04 -2.427792893573280271e-03 4.403094739502536655e-04 -1.897170365492606989e-03 6.708739012374557997e-03 -3.041809961679149265e-05 9.484725334728265507e-05 -2.418905403007998178e-04 1.748518813694372636e-03 -4.767940902048203519e-03 5.553291139768286484e-04 2.861917325521192313e-03 -3.739100871258865377e-03 2.289264431714285904e-03 1.420088366732587129e-03 1.641697118701230390e-03
3.692022263451928774e-03 -9.932443811955774318e-03 -3.146558584137731929e-03 -5.498518839528686162e-05 -8.161518043447694645e-03 -3.594644225158713860e-03 7.703335387684982598e-03 -1.951717908572289618e-03 4.658266693754085745e-03 1.134796695338752921e-03 -2.178892683734404145e-04 4.623363874652261632e-06 -1.339066826163799945e-04 4.542005678539789352e-04 -2.991840249238399293e-04 -6.313019903112799397e-04 -1.214144229725665257e-03 -1.408053290605336925e-03 5.668957488358127884e-04 1.120210569879028038e-03 1.311047944424345883e-03
2.448979591837762392e-03 -7.394442280045774099e-03 5.245380592988104808e-03 -1.042969007658175020e-03 -3.561147338400846157e-03 2.426532092906353525e-03 -7.863795773054878605e-03 5.599194323062678001e-04 -9.910916247073785559e-03 -7.171644892629250485e-03 4.240481487694883764e-04 -2.805975768435087746e-04 3.728420450522516622e-04 -2.763276588786251799e-03 7.556481935898254169e-03 -1.059814789962940616e-03 2.640332445491045971e-03 7.930086577642901646e-03 -1.027579640926035588e-03 1.318602794782569717e-03 -1.520952656757199083e-03
1.762523191095201726e-03 -4.568886498231075621e-03 -9.927668836878394715e-05 -3.685140381319708500e-04 -4.032156970550027780e-03 -1.339078654432564620e-03 2.514924449871821198e-03 -8.058609253676220869e-04 1.104249176709529677e-03 2.033249463009712162e-03 -2.358396771530750708e-04 -1.209297468404445838e-04 -1.092730643599140950e-04 -5.226022041230588911e-04 1.223091563745222314e-03 -2.390655164756996126e-04 1.280103864043051617e-03 -1.401797565602736070e-03 6.689953599432537246e-04 -6.490829279648872407e-05 6.246836192425294417e-04
3.057513914656622214e-02 9.794957591610878311e-03 -4.960523076619146460e-03 -1.879167281816023286e-02 -1.690102695689884790e-03 -1.852374377535580957e-02 8.052777582342237478e-04 6.061803335098625567e-02 -4.276674592535099602e-04 -6.771535728713714338e-04 1.967192221993714282e-02 1.249957642059557408e-02 -5.833700189148477086e-03 -1.428651410038400552e-03 -1.309937480787269756e-03 -7.043915543016035334e-03 1.678125157387831809e-04 -7.695193942591447298e-04 -5.303336561520357630e-03 4.506509535471083829e-03 2.823281788053434542e-03
5.936920222638991055e-04 -2.556154789082878617e-03 3.698828235181065953e-03 -1.277941108122445345e-03 4.242798147851964061e-03 -6.611044694144973220e-04 1.393324524380768880e-03 -5.727090335906304212e-05 2.730173693988495473e-05 2.011302195064882184e-03 -1.528437702633869886e-05 4.727271545304131804e-05 -1.174047233632392651e-04 1.108200620314453173e-03 -3.084054065636717117e-03 4.645784471735325740e-04 -2.704149171047267805e-03 -3.069304977319235218e-03 2.290178715622495642e-03 1.605757802666019996e-03 2.404623581623553837e-03
3.005565862708986687e-03 8.606158101405456985e-04 3.199577712906935198e-03 1.393249540961380949e-02 6.116655754379926721e-04 -8.849490763013240918e-03 -1.550032873215857277e-03 1.025899292183517436e-03 -1.007941820000004575e-03 1.082555175777660865e-04 -4.296264507419096483e-03 3.997845504084778130e-03 3.914090118952830502e-03 -4.194392791975713221e-03 -2.006483486178023065e-03 -1.519597445659029130e-03 4.895947903402537478e-05 -1.376802145414517120e-04 1.090400534381926129e-03 6.851468796044825425e-05 -3.115137510258258850e-03
2.070500927643671024e-02 7.526421828705056119e-03 -4.005476052665237624e-03 -1.362838390300698081e-02 1.016695977938604414e-03 -1.543764065831646458e-02 -6.071295619823648994e-03 1.421027682741920345e-02 6.641212647470564646e-04 -2.205759846792606908e-04 2.680566397527225225e-03 -1.737793922477474592e-02 2.900515129630612532e-02 8.159319120762623806e-03 2.231151085949561498e-03 3.182228943322115700e-02 1.470832094482375091e-03 1.120860049964765744e-02 1.628289535967639839e-02 -1.211480022688024745e-02 -1.097571551605968330e-02
8.163265306129049905e-04 -4.178755078169087665e-03 7.163180092818664975e-03 -2.810603217023338162e-03 1.098582383427405482e-02 -2.898893517910268100e-03 7.268487669486808564e-03 -7.318632420564076015e-04 2.258513861827217851e-03 -4.959046749512225662e-03 2.168385151561400700e-05 -7.902294103911236035e-05 1.169950155493648425e-04 -1.117402637277753333e-03 3.128871925755694408e-03 -5.069841478796699181e-04 1.121418490969913057e-02 -3.015782664622047773e-04 1.735489087335509700e-03 1.352976322370382867e-03 7.014567083802212763e-04
8.107606679035787509e-03 2.477316540216122943e-03 8.412202134572551587e-03 3.707569256031911786e-02 1.658471035934128840e-03 -2.323164989482954385e-02 -3.398463253549240202e-03 2.448177992888372814e-03 -3.776827051937020185e-03 7.514845923011283539e-04 -8.478033040429251363e-03 5.782584513281481021e-03 2.780072554353796126e-03 -5.739130992685881468e-04 -3.326629370305185063e-04 6.323614730770259163e-04 3.259404619616293637e-05 1.267349677051458976e-04 -2.171356471371765993e-03 -2.152690185548460837e-04 7.598918425213404930e-03
1.595547309833752299e-03 -4.955988324199979075e-03 4.414287169264011906e-03 -8.641161222946047325e-04 -2.174364148878272422e-04 1.736349924055121795e-03 -5.271121185766892460e-03 7.619642616271895966e-04 -2.280851966871280060e-03 7.991204347953409157e-03 -2.303398888122348354e-04 2.273751994782622883e-04 -1.764164243369927758e-04 1.101595020539280047e-03 -2.331599371469953060e-03 3.852270584605692067e-04 4.623442261162852805e-03 3.408831741886032612e-04 -5.056853559279919294e-03 -4.804291055768399044e-03 -2.020014419420578661e-03
7.977736549169086753e-04 -2.129172781363458233e-03 2.125267705742230843e-03 -1.935780642337644347e-04 1.552078696126742488e-04 1.158521882761503032e-03 -2.805100461360538356e-03 5.043892802860175384e-04 8.408340064483589300e-04 3.274431536785966327e-03 -4.382540732432423471e-07 -1.064306238687062842e-04 -2.540269073857310839e-04 7.836089375792463195e-04 -2.245684078329754103e-03 6.629997035091814378e-05 -1.818089242564483636e-03 -5.367484378513631520e-03 9.321516745307152976e-03 8.242776150520209413e-03 3.907615297318146365e-03
1.076066790352565817e-03 -8.477956383110502123e-04 -1.926459676219826602e-03 -6.080800879841993724e-05 1.190404483477278987e-03 -4.671102094166893577e-04 -7.674768052271921165e-04 -4.702377368195931090e-04 -6.689510229923070728e-05 -2.907826591163836598e-05 7.775921986690992023e-04 1.030585115884473987e-03 -8.426629192309896023e-04 -9.496791582594425914e-04 -2.643175456272348241e-04 2.995997790116698006e-03 3.905781782698019558e-04 -2.708315254321280057e-04 -1.409224482936066508e-03 3.702310473617689661e-04 -2.230007001920005817e-03
1.168831168831246676e-03 -5.483950954876552417e-04 4.703741811434784923e-04 3.508913008086315694e-04 -5.246656948111521951e-04 9.550932003672428288e-04 -6.239487828456904365e-04 2.033634084424464745e-04 1.809312984039160256e-03 -1.325434576272649292e-03 -8.142987582614260623e-04 1.125713103364873492e-03 4.573084855867853740e-04 6.394310063373368890e-04 1.640704278468827848e-03 2.293605172562158728e-05 -3.975171086573105889e-04 1.232598751909672876e-03 -2.558885862885116550e-03 4.468286153899697481e-04 -1.482622493496058209e-04
1.558441558442009251e-03 -5.235436220360568764e-03 -8.184046442804798413e-03 2.171714527667564093e-03 5.170087181481056171e-03 1.259595020255957574e-03 -1.408210293520302482e-03 5.684446214493865061e-04 -7.948144161805251792e-04 -1.512222538839260317e-05 4.793970799831319114e-05 1.992329199863448965e-04 -1.314840885949780235e-04 -1.031091863363409883e-03 1.872744822634601252e-03 5.806104470030116040e-04 -1.111125145366254947e-04 -5.350462498845421841e-03 -1.549369024240835127e-03 -2.547727610630857575e-03 -1.232790991148309144e-03
1.664192949907164487e-02 5.131527444287393644e-03 -2.115672373115391421e-04 -2.974618833153407863e-03 -5.118228113498590357e-04 4.949264222784248608e-03 4.135494742179524411e-03 9.353762436501791150e-03 -1.575534289964675714e-03 -1.216264251654017390e-03 -5.524718800453030758e-03 1.222078592647437775e-02 -1.144047292611022337e-02 1.206633268054996960e-02 8.495630156116964083e-04 -2.843844871075138642e-02 -5.078016635287022507e-04 -3.556476669620728479e-03 8.168489439147634187e-04 -1.348152162410184074e-03 -5.726462305735015301e-03
1.799628942486839822e-03 -5.280772907569513883e-03 3.561531748953267185e-03 -8.565668827492655150e-04 -2.222652663172633870e-03 1.304241115548455390e-03 -4.156638286212926449e-03 1.876566802847381488e-04 -5.984612713693272280e-03 -9.738214414040680675e-04 2.600546291193458256e-04 1.518443497000057879e-04 9.105790057479939970e-04 -4.789007956565136635e-03 1.225986371927497397e-02 -2.002395510629104668e-03 -3.895897149289008401e-03 7.414788511074224889e-03 3.431646654278582703e-03 5.410138731635384321e-03 2.258347875779753364e-03
1.090909090909081627e-02 3.138016717998250681e-03 4.691355692745897456e-03 1.572327200347432147e-02 4.766157937810747277e-04 6.581127756837014051e-03 4.137599827805480031e-03 -2.589611551326758895e-03 -1.303455055421625427e-03 3.533212811641210931e-04 2.433698605343746768e-02 -2.564756741514575417e-02 -2.208303280618838585e-02 1.597439607200348485e-02 7.019093837003993579e-03 8.364809348037398557e-04 -1.593947226978521228e-04 -3.179630919255678652e-03 1.215297426326085103e-02 6.542670226032048543e-03 -4.178939673581816977e-02
2.521335807049969110e-02 7.940252142094209736e-03 -2.963114053066372676e-03 -1.251949403011161019e-02 -1.395724278924605948e-03 -8.444164117857297369e-03 2.672870609496211247e-03 4.094078125127089546e-02 -1.199324306684023105e-03 -1.050290955873240100e-03 7.013383930978528413e-03 1.622267762260299478e-02 -2.114418644883908627e-02 9.746185547956361800e-03 -1.160347075909261023e-03 -6.869214403911151623e-02 -4.084847670303096839e-04 -1.097176162548797393e-02 -2.727728666253715489e-02 1.989650174466571150e-02 6.578960877952733479e-05
2.393320964750255807e-03 -8.549744480656968834e-03 -1.381842990390815332e-02 3.782987881294498558e-03 9.071268328735275499e-03 2.369979943491883068e-03 -2.446249463628929685e-03 1.353113225253986876e-03 -1.445872476840969444e-03 -1.657243833769412374e-04 -3.285532756141268818e-04 -5.405637246631275544e-04 4.332660553572806306e-04 6.608298309908784696e-04 -6.391607658586808891e-04 -9.331481350470004557e-04 1.492861334659372158e-04 1.694172060835635006e-03 9.381973030807632752e-04 6.931700524885555000e-04 8.652500078040810828e-04
3.269016697587930759e-02 1.301389575247554990e-02 -8.319341507183141901e-03 -2.377950562684122415e-02 6.374256120916460891e-03 -3.451458688254657042e-02 -2.753874869934053865e-02 -5.060468802389783000e-02 5.357410452301346500e-03 -3.582203482401967931e-04 1.699074831384866230e-02 -3.287484660809753510e-03 3.666700118645461332e-02 3.535712474499386193e-02 7.528582849848282701e-03 -3.575786344121101301e-02 -1.068803344910708398e-03 -2.335883167797341855e-04 1.127901038498095240e-02 -1.401841275509439939e-02 7.623192120781776930e-03
2.465677179962752832e-02 9.361864921957282343e-03 -4.079793457743546153e-03 -1.400337959341880177e-02 2.179686425522739564e-03 -1.337375649919580675e-02 -8.266999783773371427e-03 -6.724089365734564096e-03 4.884986793271344462e-04 4.974819822728155250e-04 -1.588792159602499948e-02 -3.439930248280424763e-02 1.885379987331326987e-02 -7.717300021620663447e-03 -1.800240544793003071e-03 1.438503960382753362e-02 4.314467765625368116e-04 -4.708993721995820628e-03 -1.828289922833935613e-02 1.994213787268969348e-02 -2.574816152691759581e-03
1.651205936920939693e-03 -4.968418373775373119e-03 3.961471172347764795e-03 -7.419273778284137108e-04 -1.375213348805311153e-03 1.780735490152661384e-03 -5.382932349986891893e-03 5.931614051440338084e-04 -4.232018868975797286e-03 1.744602791915117078e-03 1.591711674727549000e-04 1.253797458615239901e-06 3.998827180526609007e-04 -2.604305312176599142e-03 6.867490377357315934e-03 -1.098614161222434419e-03 8.408019870912052302e-05 7.203882848943242954e-03 -2.054802373958188304e-03 -8.444470751027708321e-05 -1.681829525967511868e-03
2.614100185528657125e-02 8.297411249623517365e-03 4.622772149645756543e-03 1.133732505061782470e-02 1.689206934915125631e-04 3.133308087311711260e-02 1.457370765551024502e-02 -7.591356226391329787e-03 -2.296182048467954821e-03 6.805029445277920638e-04 2.046358686400633065e-02 4.923020175226659745e-03 2.374228611908396278e-02 -2.708290468180243535e-02 -1.314180906105869712e-02 -6.964177654518409304e-03 6.023018117025251460e-04 1.234050607193476912e-03 -8.740728028237538735e-03 -3.819916182883581566e-03 2.344632727231177674e-02
3.228200371058583245e-03 -8.804327801138347315e-03 -7.487483269689576950e-04 -6.291639700454470380e-04 -8.419864515430645208e-03 -3.252323185384477840e-03 6.476131746077006153e-03 -1.834700682662019668e-03 2.869319715129911835e-03 3.107093156629959878e-03 6.847856561785226883e-05 6.635958420942648754e-05 5.168214122763565991e-04 -3.451084382222613031e-03 8.958784772691427353e-03 -2.579185239083704555e-04 -1.462960684367123430e-03 -1.223365417875800845e-02 -1.830636275509068970e-03 -6.795383336427432246e-03 -8.470429999654693681e-04
1.031539888682716025e-02 2.711003806746756228e-03 7.743128514161578277e-04 1.243300504481843803e-03 -5.026536004653058822e-04 8.578446382470635012e-03 4.573975714833110329e-03 -7.222675510269902736e-04 -2.027653223158859368e-04 3.153179676410979623e-04 -9.729517887219922339e-04 1.200964273157153171e-02 2.229647658415781497e-03 1.228068212049236892e-02 7.334792528008661668e-03 -3.126411854217320090e-03 -1.328893119572963771e-03 -9.488132169154700479e-03 -1.028762471232267349e-02 1.782175977539320402e-02 -1.527015220853720351e-02
4.638218923937161096e-04 -2.361129182531385845e-03 4.034621762248259691e-03 -1.575364995500346975e-03 6.143264996918844194e-03 -1.597108250366709213e-03 3.996628884457354910e-03 -3.961670658398371123e-04 1.247440156583721517e-03 -2.575780190711650201e-03 9.332625421660080081e-06 -4.279750554915232903e-05 4.858901735611677959e-05 -5.350076032170379475e-04 1.507833808972635931e-03 -2.748693856732277972e-04 8.241526414342290399e-03 -1.026168640228774338e-03 2.162139677059484420e-03 1.698198593625394439e-03 1.199824138961297923e-03
2.523191094620473064e-03 -6.817753206583838758e-03 -1.680829046633810966e-03 -3.196562870649673682e-04 -6.954340928202107884e-03 -3.249999822366888939e-03 6.779497940480514427e-03 -1.810381737244636229e-03 3.975565087434687443e-03 1.724383705488781449e-03 -5.721784452034921236e-05 -1.265501320603075811e-04 -3.162936579268540993e-04 8.580108481648878035e-04 -2.266720894657534100e-03 1.505574722326172971e-04 3.011510274450860162e-04 2.465578572857172242e-03 -2.066009043525579895e-04 7.698113928123817085e-04 -7.249227232281402677e-04
2.912801484231040700e-03 -7.828854740595513409e-03 3.946794168364682436e-03 -1.118469871913661037e-03 -6.038336473061642860e-03 1.613087255454689548e-03 -5.484299844382081388e-03 -2.392566807854048573e-04 -1.346161622616867670e-02 -2.704826434145041203e-02 -7.797087885482181736e-05 1.750507711412607639e-04 -7.027473727807478790e-04 7.096528446130127149e-03 -1.795957815317917455e-02 3.026545305562888203e-03 -1.086939268522395816e-03 -1.368533987137588587e-02 -2.297755549961740928e-03 -4.589392379016401027e-03 -7.102198258833090048e-05
3.166975881261441250e-02 1.127482662329138026e-02 4.747780772771795828e-04 -2.012237819897981592e-03 9.295369017191077061e-04 1.928904592348713518e-02 9.665849197337737092e-03 -5.083428904501143333e-03 -5.389059896797204936e-03 6.417591400662479807e-04 -3.771718256739627767e-02 8.712057998282419016e-03 -2.343216063909459718e-02 1.146499295511305139e-02 3.574666245063683103e-03 -7.616180263525207904e-03 -2.106551088177470443e-04 1.086979423505349436e-02 3.285072770528900399e-02 -3.516526285239288813e-02 4.636139250847283108e-04
2.866419294990582914e-02 1.007500244633954996e-02 -1.292248960233845093e-03 -6.203155641824188542e-03 9.754562116845327292e-04 8.301031892170549625e-03 4.675246392858429037e-03 -2.823311685190586350e-03 -4.032595196247535513e-03 8.792779096346624388e-04 -4.068443273061045362e-02 -8.424128522806535388e-03 -3.578769443709044901e-02 -5.041778324060782780e-03 -1.706061285401114886e-03 -1.499750036330829185e-02 -3.676378389806699075e-04 8.146874739812428462e-03 2.728106482078593645e-02 -2.955933977163725107e-02 3.322261964156779986e-03
2.688311688311539188e-02 9.916902944383345839e-03 -3.789015163270583429e-03 -1.339437405768413580e-02 2.030526466546549169e-03 -9.917552030258324977e-03 -6.449276656243490419e-03 -6.848101590035145410e-03 -4.036994945490505806e-07 7.217923042512262811e-04 -2.774861575405418793e-02 -4.216697622511319382e-02 4.389056269061714652e-04 -2.808932616815452976e-02 -6.353321627692827718e-03 2.219110952837125700e-02 5.846424273023959582e-04 -1.157486395779441443e-02 -3.585111125596034815e-02 3.834814726513251920e-02 -3.970944117065512355e-03
1.484230055659379243e-03 -4.699081971671833190e-03 4.049096160524415233e-03 -8.195998454768718472e-04 -4.696403046326226853e-04 1.593493526860667369e-03 -4.996790214286982341e-03 6.774769956791656250e-04 -2.750952642302502502e-03 6.895895396352247873e-03 -1.289687704675135491e-04 1.298213313433047250e-04 -1.070386444005757745e-04 6.203902275828243997e-04 -1.519691524242918054e-03 1.659821717751263064e-04 6.544495930330641517e-03 3.558723512014287486e-04 -2.416625753785179610e-03 -2.627819576694076596e-03 -1.151190207839659614e-03
1.410018552876156827e-03 -3.694733470041009979e-03 -7.547036035290676924e-05 -3.230929588843785044e-04 -3.607475996701801566e-03 -1.196549034372755387e-03 2.243473917854605423e-03 -7.109222349383494902e-04 4.541210932612852347e-04 -1.964498952872924243e-04 -8.893796435826870181e-05 -6.631112392668687429e-05 -1.273291245583411534e-04 -5.471286784768462355e-04 1.352593421819327322e-03 -4.773930541288169899e-04 -5.029622893691693868e-04 2.741760420465875429e-03 3.459563090606022169e-04 2.390989590416580258e-04 1.731883512166415540e-04
1.168831168831599692e-03 -3.261757040242347760e-03 5.721746915347730765e-04 -3.500761760871983169e-04 -3.130368116189342995e-03 -4.626887159800773626e-04 4.352913397358339513e-04 -5.727540910831593239e-04 -2.234418070044495112e-03 -6.480613090906492922e-03 -1.460643129277061029e-04 -1.411122818147977215e-04 -6.489826183829922610e-04 3.417985648570840817e-03 -9.137424392262196576e-03 1.137058937037412325e-03 1.037900773566844933e-03 7.073113462667189296e-04 -1.035019605714734749e-03 -1.134747832895549157e-03 -8.973669047375650585e-04
3.858998144713614992e-03 -1.020682470457947785e-02 -1.484077014031804894e-03 -6.713563795847000580e-04 -1.037439150828117253e-02 -4.276969913916948453e-03 8.717448166554684144e-03 -2.354116668738136763e-03 4.592926313121869358e-03 2.722104732748148979e-03 4.142456830846733814e-05 4.619764151731185910e-05 6.275865513370401140e-04 -2.598193410762648665e-03 7.112812777495365439e-03 1.378711328862282370e-03 -9.500772928470476277e-04 -1.812015681346702475e-02 -2.702469976628012714e-03 -7.423523993475024917e-03 -2.531451149611215010e-03
3.710575139147843666e-04 -7.868973295467302344e-04 1.891851101235481373e-04 -1.136979135273130193e-04 -6.245410457872585834e-04 -8.571157775193207731e-05 -7.392640526479231764e-06 -2.313503252749434318e-07 1.914669206720745205e-05 2.247029359191447470e-04 -9.743867483540063861e-05 -8.773559994304070775e-05 -1.071303494220706228e-04 1.980711523123289766e-04 -7.394243316674357306e-04 9.213232143485767178e-05 9.638679599726122319e-04 -3.039939803297271874e-04 -4.152246186659849857e-04 1.294231469361239846e-05 -3.464130584746518836e-04
