6.884183291631545742e+00
3.637900270627522747e+00
1.847717915945906952e+00
2.101802838711040788e+00
4.586788571649888513e-01
7.525076615796285617e-01
3.440410837180986059e-01
7.864501321352082019e-01
4.435533081237563180e-01
1.403069713585332057e-01
1.151265991668553174e-01
1.005216961335620995e-01
8.771518133558593722e-02
1.774669705651593377e-01
8.836334054110572822e-02
3.744143922967265170e-01
1.494857714176802133e-01
1.065685388103407988e-01
9.147523884052265186e-02
1.376505298253498377e-01
