5.222789873500950080e+02
2.769834978209367478e+02
2.150335796080755415e+02
1.682020035274147176e+02
1.140317296875498414e+02
1.052787235900065923e+02
8.679857767834140247e+01
7.177339909500001625e+01
4.504856803782848829e+01
4.489295260006990418e+01
3.488577234831949880e+01
2.822318472755329211e+01
2.478935117207443284e+01
2.457141395699078856e+01
2.244347893006222705e+01
2.114669389655495380e+01
1.988510592349483019e+01
1.952665780064085155e+01
1.937413539894139802e+01
1.881091278960800039e+01
