1.000000000000005773e+00
9.441780061573502580e-01
8.973496427618212756e-01
8.697816342294134584e-01
8.366437119635433683e-01
7.686768105174822674e-01
7.520459432800856714e-01
7.077758840589307709e-01
6.583739772366417053e-01
5.137862706180280625e-01
5.126016041458424377e-01
4.231834827239188690e-01
3.454332425103828763e-01
2.981385213540618251e-01
2.949554477170444611e-01
2.627135076423304794e-01
2.420377732625629275e-01
2.212046817791973319e-01
2.151626059028388105e-01
2.125758961634554023e-01
2.029452703989075846e-01
